年	月	日	降雨	实测
1975	1	1	0	0.68
1975	1	2	0	0.68
1975	1	3	0	0.68
1975	1	4	0	0.68
1975	1	5	0	0.61
1975	1	6	0	0.61
1975	1	7	0	0.61
1975	1	8	0	0.61
1975	1	9	0	0.61
1975	1	10	0	0.61
1975	1	11	0	0.54
1975	1	12	0	0.61
1975	1	13	0	0.54
1975	1	14	0	0.54
1975	1	15	0	0.48
1975	1	16	0	0.54
1975	1	17	0	0.54
1975	1	18	0	0.48
1975	1	19	0	0.48
1975	1	20	0	0.48
1975	1	21	0	0.48
1975	1	22	0	0.41
1975	1	23	0	0.41
1975	1	24	0	0.41
1975	1	25	0.2	0.41
1975	1	26	0	0.41
1975	1	27	0	0.41
1975	1	28	0	0.41
1975	1	29	0	0.35
1975	1	30	0	0.41
1975	1	31	0.4	0.35
1975	2	1	4.3	0.35
1975	2	2	7.6	0.48
1975	2	3	0.4	0.54
1975	2	4	0	0.61
1975	2	5	0	0.61
1975	2	6	1.4	0.61
1975	2	7	0.1	0.75
1975	2	8	0	0.75
1975	2	9	0	0.68
1975	2	10	0	0.68
1975	2	11	0	0.68
1975	2	12	0	0.68
1975	2	13	0.3	0.75
1975	2	14	0	0.82
1975	2	15	0	0.82
1975	2	16	0	0.82
1975	2	17	0	0.75
1975	2	18	0	0.68
1975	2	19	0	0.75
1975	2	20	0	0.68
1975	2	21	0	0.61
1975	2	22	0	0.54
1975	2	23	0	0.48
1975	2	24	0	0.48
1975	2	25	0	0.48
1975	2	26	5.6	0.41
1975	2	27	0.1	0.61
1975	2	28	0.2	0.61
1975	3	1	0	0.61
1975	3	2	1.6	0.54
1975	3	3	0.6	0.61
1975	3	4	1.5	0.54
1975	3	5	0	0.68
1975	3	6	0	0.75
1975	3	7	0	0.75
1975	3	8	0	0.75
1975	3	9	0	0.75
1975	3	10	0	0.75
1975	3	11	0	0.68
1975	3	12	0	0.54
1975	3	13	9.2	0.54
1975	3	14	0	0.54
1975	3	15	0	0.68
1975	3	16	0	0.75
1975	3	17	0	0.61
1975	3	18	7.2	0.61
1975	3	19	0	0.68
1975	3	20	0	0.75
1975	3	21	0	0.75
1975	3	22	0	0.75
1975	3	23	0	0.61
1975	3	24	0	0.54
1975	3	25	0	0.54
1975	3	26	3.5	0.48
1975	3	27	0	0.48
1975	3	28	0	0.54
1975	3	29	0	0.54
1975	3	30	0	0.48
1975	3	31	0	0.41
1975	4	1	0	0.41
1975	4	2	0	0.41
1975	4	3	0	0.35
1975	4	4	0	0.29
1975	4	5	0	0.29
1975	4	6	1.4	0.29
1975	4	7	0	0.29
1975	4	8	0	0.29
1975	4	9	2.7	0.24
1975	4	10	0.9	0.19
1975	4	11	0	0.29
1975	4	12	0	0.29
1975	4	13	0	0.24
1975	4	14	0	0.19
1975	4	15	0.7	0.19
1975	4	16	12.5	0.16
1975	4	17	7.5	0.29
1975	4	18	12	2.75
1975	4	19	2.1	11.3
1975	4	20	0	8.45
1975	4	21	2.2	3.53
1975	4	22	0	2.38
1975	4	23	0.3	1.75
1975	4	24	8.7	1.26
1975	4	25	0	2.1
1975	4	26	6.1	3.1
1975	4	27	7	2.72
1975	4	28	0	11.3
1975	4	29	2.2	5.07
1975	4	30	8.2	4.4
1975	5	1	0.2	8.49
1975	5	2	0	5.07
1975	5	3	0	3.53
1975	5	4	0	2.38
1975	5	5	0	1.62
1975	5	6	0	1.26
1975	5	7	0	1.16
1975	5	8	5.4	0.98
1975	5	9	1.2	0.9
1975	5	10	0	1.06
1975	5	11	0	0.9
1975	5	12	8.9	0.75
1975	5	13	0	0.9
1975	5	14	9.6	0.98
1975	5	15	0.4	1.62
1975	5	16	0	1.75
1975	5	17	28.4	3.66
1975	5	18	0	21.6
1975	5	19	8.4	7.43
1975	5	20	0	5.62
1975	5	21	0	3.53
1975	5	22	0	2.38
1975	5	23	0	1.62
1975	5	24	3.9	1.38
1975	5	25	0.3	1.62
1975	5	26	0.4	1.5
1975	5	27	1.9	1.26
1975	5	28	0	1.26
1975	5	29	0	1.16
1975	5	30	0	0.75
1975	5	31	0	0.54
1975	6	1	0	0.41
1975	6	2	22	0.41
1975	6	3	0	6.13
1975	6	4	0.1	2.47
1975	6	5	0.3	1.38
1975	6	6	0	0.98
1975	6	7	0	0.82
1975	6	8	30.1	0.68
1975	6	9	21	36.8
1975	6	10	1.3	28
1975	6	11	0	9.07
1975	6	12	0	4.02
1975	6	13	0	2.38
1975	6	14	0	1.75
1975	6	15	11.6	2.81
1975	6	16	0	11.9
1975	6	17	0	4.28
1975	6	18	0	2.2
1975	6	19	0	1.5
1975	6	20	0	1.26
1975	6	21	0	1.06
1975	6	22	0	1.16
1975	6	23	11.9	0.98
1975	6	24	6.1	1.73
1975	6	25	5.6	2.54
1975	6	26	11.4	7.81
1975	6	27	0.1	10.8
1975	6	28	0.2	4.53
1975	6	29	0.3	2.9
1975	6	30	3.8	2.04
1975	7	1	1.1	2.04
1975	7	2	0.7	1.89
1975	7	3	1	2.04
1975	7	4	11.4	2.38
1975	7	5	0	4.53
1975	7	6	0	2.38
1975	7	7	0	1.5
1975	7	8	2.6	1.16
1975	7	9	20.9	1.71
1975	7	10	7.4	11
1975	7	11	0	13.9
1975	7	12	0	4.8
1975	7	13	0	2.9
1975	7	14	0	1.89
1975	7	15	0	1.38
1975	7	16	0	1.06
1975	7	17	0	0.98
1975	7	18	1.6	0.9
1975	7	19	0	1.38
1975	7	20	0	0.9
1975	7	21	0	0.68
1975	7	22	0	0.48
1975	7	23	0	0.41
1975	7	24	0	0.48
1975	7	25	0	0.41
1975	7	26	0.2	0.35
1975	7	27	0	0.35
1975	7	28	0	0.35
1975	7	29	0.5	0.41
1975	7	30	0	0.41
1975	7	31	1.2	0.35
1975	8	1	0	9.05
1975	8	2	0	1.38
1975	8	3	36.2	0.9
1975	8	4	8	7.99
1975	8	5	29.4	12.1
1975	8	6	10.6	61.7
1975	8	7	27.7	25.3
1975	8	8	132.4	135
1975	8	9	30.1	656
1975	8	10	0.2	86.7
1975	8	11	0	25.9
1975	8	12	0	10.7
1975	8	13	0	4.8
1975	8	14	0	2.9
1975	8	15	0	2.9
1975	8	16	0	1.88
1975	8	17	0	1.65
1975	8	18	0	1.07
1975	8	19	0	0.92
1975	8	20	0	0.78
1975	8	21	0	0.7
1975	8	22	0	0.65
1975	8	23	0	0.6
1975	8	24	0	0.6
1975	8	25	0	0.65
1975	8	26	0	0.6
1975	8	27	0	0.55
1975	8	28	0.6	0.5
1975	8	29	0.4	0.5
1975	8	30	0	0.45
1975	8	31	0	0.6
1975	9	1	78.8	7.61
1975	9	2	0.3	15
1975	9	3	0	2.29
1975	9	4	0	1.42
1975	9	5	0	1.07
1975	9	6	0.1	1
1975	9	7	0	1
1975	9	8	0	0.85
1975	9	9	0	0.78
1975	9	10	2.8	0.78
1975	9	11	1	0.7
1975	9	12	4.5	0.92
1975	9	13	17.3	0.92
1975	9	14	2.5	10.1
1975	9	15	0	8.41
1975	9	16	0	2.7
1975	9	17	0	1.65
1975	9	18	9.2	1.32
1975	9	19	24.6	2.33
1975	9	20	0.1	18
1975	9	21	8.8	6.3
1975	9	22	1.5	5.9
1975	9	23	0	4.8
1975	9	24	0	3.35
1975	9	25	0	2.7
1975	9	26	0.9	1.75
1975	9	27	6.9	1.75
1975	9	28	3	2.63
1975	9	29	0	4.86
1975	9	30	0	4.15
1975	10	1	7.5	3.35
1975	10	2	7.1	7.29
1975	10	3	8	39.2
1975	10	4	0	32
1975	10	5	0	9.38
1975	10	6	0	4.45
1975	10	7	0.5	2.9
1975	10	8	0	2.17
1975	10	9	0	1.75
1975	10	10	28.8	6.78
1975	10	11	16.9	55.2
1975	10	12	12.3	70.2
1975	10	13	0.2	41.2
1975	10	14	0.1	21.7
1975	10	15	0	9.95
1975	10	16	0	5.5
1975	10	17	0	3.6
1975	10	18	0	2.9
1975	10	19	0	2.32
1975	10	20	0	2
1975	10	21	0	1.65
1975	10	22	0	1.53
1975	10	23	7.5	1.32
1975	10	24	0.8	1.53
1975	10	25	0.4	1.75
1975	10	26	0.2	1.65
1975	10	27	11.5	1.53
1975	10	28	7.1	3.89
1975	10	29	0	11.7
1975	10	30	0	5.13
1975	10	31	0	3.1
1975	11	1	0	2.5
1975	11	2	7.5	2
1975	11	3	0.4	1.88
1975	11	4	0	1.75
1975	11	5	0	1.65
1975	11	6	0	1.53
1975	11	7	3	1.42
1975	11	8	9.9	1.42
1975	11	9	1.9	6.8
1975	11	10	0.8	6.3
1975	11	11	0	5.13
1975	11	12	0	3.85
1975	11	13	0	3.35
1975	11	14	0	2.9
1975	11	15	0	2.5
1975	11	16	0	2.17
1975	11	17	3.2	2
1975	11	18	0	1.88
1975	11	19	0	1.75
1975	11	20	0	1.65
1975	11	21	0	1.53
1975	11	22	0	1.42
1975	11	23	0	1.23
1975	11	24	0	1.15
1975	11	25	0	1.07
1975	11	26	0	1.07
1975	11	27	0	1
1975	11	28	0	1
1975	11	29	0	0.92
1975	11	30	0	0.92
1975	12	1	0	0.92
1975	12	2	0	0.85
1975	12	3	0	0.85
1975	12	4	0	0.85
1975	12	5	10.7	0.85
1975	12	6	8.5	1.15
1975	12	7	5.2	1.88
1975	12	8	2.2	2
1975	12	9	1.2	2
1975	12	10	0.5	2.17
1975	12	11	0	2.32
1975	12	12	0	2.32
1975	12	13	0	2.32
1975	12	14	0	1.88
1975	12	15	0	1.53
1975	12	16	0	1.53
1975	12	17	0	1.42
1975	12	18	0	1.53
1975	12	19	0	1.53
1975	12	20	0	1.53
1975	12	21	0	1.53
1975	12	22	0	1.42
1975	12	23	0	1.42
1975	12	24	0	1.32
1975	12	25	0	1.32
1975	12	26	0	1.32
1975	12	27	0	1.23
1975	12	28	0	1.23
1975	12	29	0	1.15
1975	12	30	0	1.07
1975	12	31	0	1.07
1976	1	1	0	0.97
1976	1	2	0	0.97
1976	1	3	0	0.89
1976	1	4	0	0.89
1976	1	5	0	0.89
1976	1	6	0	0.81
1976	1	7	0	0.73
1976	1	8	0	0.73
1976	1	9	0	0.73
1976	1	10	0	0.66
1976	1	11	0	0.66
1976	1	12	0	0.66
1976	1	13	0	0.59
1976	1	14	0	0.59
1976	1	15	0	0.59
1976	1	16	0	0.59
1976	1	17	0	0.59
1976	1	18	0	0.59
1976	1	19	1.1	0.59
1976	1	20	0.1	0.59
1976	1	21	0	0.59
1976	1	22	0	0.59
1976	1	23	0	0.59
1976	1	24	0	0.52
1976	1	25	0	0.52
1976	1	26	0	0.52
1976	1	27	0	0.52
1976	1	28	0	0.52
1976	1	29	0	0.52
1976	1	30	0	0.52
1976	1	31	0	0.45
1976	2	1	0	0.45
1976	2	2	0	0.45
1976	2	3	0	0.45
1976	2	4	0	0.45
1976	2	5	0	0.45
1976	2	6	0	0.38
1976	2	7	0	0.38
1976	2	8	0	0.38
1976	2	9	0	0.38
1976	2	10	0.5	0.38
1976	2	11	2.1	0.38
1976	2	12	0	0.45
1976	2	13	0	0.59
1976	2	14	1.7	0.59
1976	2	15	6.5	0.59
1976	2	16	0.3	0.73
1976	2	17	1.9	0.81
1976	2	18	0	0.73
1976	2	19	0.2	0.66
1976	2	20	1.6	0.66
1976	2	21	0	0.73
1976	2	22	0	0.73
1976	2	23	0	0.73
1976	2	24	0	0.73
1976	2	25	0	0.73
1976	2	26	4.1	0.73
1976	2	27	1.7	0.81
1976	2	28	0	0.97
1976	2	29	0	1.14
1976	3	1	0	1.05
1976	3	2	0	1.05
1976	3	3	0	0.97
1976	3	4	0	0.81
1976	3	5	0	0.73
1976	3	6	0.6	0.66
1976	3	7	0.2	0.66
1976	3	8	0	0.66
1976	3	9	0	0.66
1976	3	10	3.1	0.66
1976	3	11	0.5	0.73
1976	3	12	0	0.73
1976	3	13	0	0.73
1976	3	14	0	0.66
1976	3	15	0	0.66
1976	3	16	0.2	0.59
1976	3	17	14	0.59
1976	3	18	1	1.19
1976	3	19	0	2.95
1976	3	20	0	2.01
1976	3	21	0	1.76
1976	3	22	0	1.65
1976	3	23	0.2	1.54
1976	3	24	0	1.43
1976	3	25	0	1.33
1976	3	26	0	1.14
1976	3	27	0	1.05
1976	3	28	0.2	0.97
1976	3	29	0	0.89
1976	3	30	0	0.89
1976	3	31	0	0.87
1976	4	1	0.3	0.81
1976	4	2	0.2	0.66
1976	4	3	0	0.66
1976	4	4	0	0.66
1976	4	5	0	0.59
1976	4	6	0	0.59
1976	4	7	10.9	0.59
1976	4	8	0	0.59
1976	4	9	0	0.73
1976	4	10	0	0.73
1976	4	11	7.1	0.73
1976	4	12	0.6	0.81
1976	4	13	0	1.33
1976	4	14	0	1.33
1976	4	15	0	1.14
1976	4	16	0	0.97
1976	4	17	4.7	0.89
1976	4	18	0	0.97
1976	4	19	1.2	0.89
1976	4	20	0	0.89
1976	4	21	5.3	0.81
1976	4	22	4	0.73
1976	4	23	0	1.34
1976	4	24	0	1.43
1976	4	25	0	1.14
1976	4	26	0	0.97
1976	4	27	3.9	0.89
1976	4	28	14.2	0.89
1976	4	29	1.4	2.78
1976	4	30	0	4.64
1976	5	1	2.2	2.87
1976	5	2	0	2.43
1976	5	3	1.7	1.89
1976	5	4	0	1.54
1976	5	5	0	1.24
1976	5	6	0	0.97
1976	5	7	0.1	0.81
1976	5	8	4.8	0.73
1976	5	9	19.5	0.81
1976	5	10	0	3.03
1976	5	11	0	3.61
1976	5	12	0	2.09
1976	5	13	1.2	1.54
1976	5	14	0	1.14
1976	5	15	0	1.05
1976	5	16	0.2	0.97
1976	5	17	13.2	0.93
1976	5	18	0	2.63
1976	5	19	3.1	1.65
1976	5	20	0.8	1.24
1976	5	21	0	1.14
1976	5	22	0	0.89
1976	5	23	0	0.89
1976	5	24	0	0.73
1976	5	25	3.4	0.59
1976	5	26	14.2	0.59
1976	5	27	0	7.74
1976	5	28	0	4.31
1976	5	29	0	2.16
1976	5	30	6.6	1.54
1976	5	31	24.3	14.6
1976	6	1	0	19.8
1976	6	2	0	5.52
1976	6	3	0	2.95
1976	6	4	0	2.01
1976	6	5	5.7	1.33
1976	6	6	0.3	1.74
1976	6	7	0	1.65
1976	6	8	0	1.33
1976	6	9	0	0.97
1976	6	10	0	0.73
1976	6	11	0	0.59
1976	6	12	0	0.45
1976	6	13	0	0.38
1976	6	14	0	0.28
1976	6	15	10.9	0.24
1976	6	16	2.5	0.28
1976	6	17	3.7	0.6
1976	6	18	0.2	0.97
1976	6	19	0	0.97
1976	6	20	0.2	0.81
1976	6	21	0	0.59
1976	6	22	0.7	0.52
1976	6	23	0	0.52
1976	6	24	0	0.52
1976	6	25	0	0.45
1976	6	26	0	0.28
1976	6	27	1.3	0.24
1976	6	28	12.9	0.21
1976	6	29	0	0.24
1976	6	30	0	0.33
1976	7	1	0	0.66
1976	7	2	0	0.45
1976	7	3	0	0.33
1976	7	4	0	0.24
1976	7	5	0	0.21
1976	7	6	0	0.18
1976	7	7	3.9	0.18
1976	7	8	0	0.18
1976	7	9	0	0.18
1976	7	10	0	0.15
1976	7	11	0	0.18
1976	7	12	0.5	0.15
1976	7	13	5.8	0.15
1976	7	14	6.6	0.15
1976	7	15	0	0.18
1976	7	16	1.3	0.21
1976	7	17	0.1	0.24
1976	7	18	39.4	0.24
1976	7	19	0.1	13.4
1976	7	20	0.6	3.45
1976	7	21	2.8	2.97
1976	7	22	0	1.61
1976	7	23	0	1.05
1976	7	24	0	0.66
1976	7	25	5.3	0.52
1976	7	26	0	0.81
1976	7	27	0	0.97
1976	7	28	2.4	0.59
1976	7	29	0	0.45
1976	7	30	0	0.38
1976	7	31	0	0.094
1976	8	1	0	0.21
1976	8	2	0	0.18
1976	8	3	0	0.15
1976	8	4	2	0.15
1976	8	5	0	0.12
1976	8	6	0	0.094
1976	8	7	0	0.094
1976	8	8	2.1	0.094
1976	8	9	1	0.094
1976	8	10	0	0.094
1976	8	11	0.7	0.07
1976	8	12	0.5	0.047
1976	8	13	0	0.094
1976	8	14	0	0.07
1976	8	15	0	0.047
1976	8	16	10.2	0.07
1976	8	17	0	0.12
1976	8	18	0	0.66
1976	8	19	0	0.38
1976	8	20	0	0.21
1976	8	21	0	0.18
1976	8	22	0	0.18
1976	8	23	0.3	0.094
1976	8	24	0	0.094
1976	8	25	0	0.094
1976	8	26	0.2	0.094
1976	8	27	0	0.12
1976	8	28	0.6	0.12
1976	8	29	0.7	0.094
1976	8	30	0.6	0.12
1976	8	31	7	0.15
1976	9	1	13.1	0.18
1976	9	2	0	0.24
1976	9	3	0.1	0.59
1976	9	4	0	0.52
1976	9	5	0	0.38
1976	9	6	0	0.28
1976	9	7	0	0.28
1976	9	8	0	0.24
1976	9	9	0	0.24
1976	9	10	0.3	0.21
1976	9	11	0.3	0.18
1976	9	12	0	0.18
1976	9	13	0	0.15
1976	9	14	0	0.18
1976	9	15	3.5	0.18
1976	9	16	0.2	0.18
1976	9	17	0	0.15
1976	9	18	0.1	0.15
1976	9	19	0	0.15
1976	9	20	0	0.15
1976	9	21	0	0.12
1976	9	22	0	0.12
1976	9	23	0	0.12
1976	9	24	0.5	0.12
1976	9	25	0	0.12
1976	9	26	0	0.094
1976	9	27	0	0.094
1976	9	28	0	0.094
1976	9	29	0	0.094
1976	9	30	0	0.094
1976	10	1	0	0.07
1976	10	2	0	0.07
1976	10	3	0	0.07
1976	10	4	0.2	0.07
1976	10	5	3.2	0.07
1976	10	6	12.2	0.094
1976	10	7	0.1	0.12
1976	10	8	0	0.12
1976	10	9	0.2	0.15
1976	10	10	21.3	0.24
1976	10	11	5.3	0.33
1976	10	12	7.9	0.76
1976	10	13	0	1.24
1976	10	14	0	1.33
1976	10	15	0.1	0.97
1976	10	16	2.6	0.66
1976	10	17	0	0.59
1976	10	18	0	0.81
1976	10	19	0	0.59
1976	10	20	0	0.45
1976	10	21	0	0.45
1976	10	22	3.3	0.33
1976	10	23	8.1	0.28
1976	10	24	0	0.33
1976	10	25	0	0.45
1976	10	26	0	0.52
1976	10	27	0	0.45
1976	10	28	0	0.38
1976	10	29	0	0.33
1976	10	30	0	0.28
1976	10	31	2.1	0.24
1976	11	1	0	0.28
1976	11	2	0.2	0.24
1976	11	3	4	0.21
1976	11	4	0	0.21
1976	11	5	0	0.24
1976	11	6	0	0.24
1976	11	7	0	0.24
1976	11	8	0.1	0.24
1976	11	9	22.2	0.21
1976	11	10	0.2	0.45
1976	11	11	22.2	1.07
1976	11	12	0.2	1.33
1976	11	13	1.4	0.97
1976	11	14	0	0.73
1976	11	15	0	0.59
1976	11	16	0	0.52
1976	11	17	0	0.45
1976	11	18	0	0.38
1976	11	19	2.4	0.38
1976	11	20	0	0.33
1976	11	21	0	0.33
1976	11	22	0	0.33
1976	11	23	0	0.33
1976	11	24	0	0.28
1976	11	25	0	0.28
1976	11	26	0	0.33
1976	11	27	0	0.33
1976	11	28	0	0.24
1976	11	29	0	0.21
1976	11	30	0	0.18
1976	12	1	0	0.21
1976	12	2	0	0.21
1976	12	3	0	0.21
1976	12	4	1.3	0.21
1976	12	5	3.4	0.24
1976	12	6	0.7	0.24
1976	12	7	0	0.24
1976	12	8	0	0.28
1976	12	9	0	0.28
1976	12	10	0	0.28
1976	12	11	0	0.24
1976	12	12	0	0.24
1976	12	13	0	0.21
1976	12	14	0	0.21
1976	12	15	0.2	0.21
1976	12	16	0	0.21
1976	12	17	0	0.21
1976	12	18	0	0.21
1976	12	19	0	0.21
1976	12	20	0	0.18
1976	12	21	0	0.18
1976	12	22	0	0.18
1976	12	23	0.3	0.18
1976	12	24	0	0.18
1976	12	25	0	0.18
1976	12	26	0.6	0.15
1976	12	27	0	0.18
1976	12	28	0	0.18
1976	12	29	0	0.18
1976	12	30	0	0.15
1976	12	31	0	0.12
1977	1	1	0	0.18
1977	1	2	0	0.15
1977	1	3	0	0.12
1977	1	4	0	0.12
1977	1	5	0	0.15
1977	1	6	0	0.18
1977	1	7	0	0.15
1977	1	8	0	0.12
1977	1	9	0	0.12
1977	1	10	0	0.15
1977	1	11	0	0.15
1977	1	12	0	0.15
1977	1	13	0	0.12
1977	1	14	0	0.12
1977	1	15	0	0.15
1977	1	16	0	0.18
1977	1	17	0	0.15
1977	1	18	0	0.12
1977	1	19	0	0.12
1977	1	20	0.4	0.15
1977	1	21	2.5	0.15
1977	1	22	0	0.15
1977	1	23	0.1	0.15
1977	1	24	0.2	0.15
1977	1	25	0.3	0.12
1977	1	26	0.1	0.18
1977	1	27	0.5	0.26
1977	1	28	4.1	0.18
1977	1	29	2.1	0.22
1977	1	30	0	0.22
1977	1	31	0	0.18
1977	2	1	0	0.18
1977	2	2	0	0.18
1977	2	3	0	0.18
1977	2	4	0	0.18
1977	2	5	0	0.22
1977	2	6	0	0.18
1977	2	7	0	0.18
1977	2	8	0	0.22
1977	2	9	0	0.18
1977	2	10	0	0.18
1977	2	11	0	0.18
1977	2	12	0	0.18
1977	2	13	0	0.18
1977	2	14	0	0.15
1977	2	15	0	0.22
1977	2	16	0	0.18
1977	2	17	0	0.22
1977	2	18	0	0.22
1977	2	19	0	0.22
1977	2	20	0	0.18
1977	2	21	0	0.18
1977	2	22	0	0.18
1977	2	23	0	0.15
1977	2	24	0	0.15
1977	2	25	0	0.12
1977	2	26	0	0.12
1977	2	27	0	0.12
1977	2	28	0	0.12
1977	3	1	0	0.12
1977	3	2	0	0.15
1977	3	3	0	0.15
1977	3	4	0	0.12
1977	3	5	0	0.1
1977	3	6	0	0.12
1977	3	7	0	0.12
1977	3	8	0	0.12
1977	3	9	0	0.12
1977	3	10	0	0.1
1977	3	11	2.2	0.086
1977	3	12	2.4	0.12
1977	3	13	0	0.12
1977	3	14	0	0.12
1977	3	15	4.3	0.12
1977	3	16	0.2	0.15
1977	3	17	2.8	0.12
1977	3	18	0.6	0.15
1977	3	19	0	0.15
1977	3	20	0	0.15
1977	3	21	0	0.15
1977	3	22	3	0.18
1977	3	23	0	0.18
1977	3	24	0	0.18
1977	3	25	0	0.15
1977	3	26	0	0.12
1977	3	27	0.4	0.15
1977	3	28	22.9	0.18
1977	3	29	0	0.22
1977	3	30	0	0.53
1977	3	31	0	0.98
1977	4	1	0	0.64
1977	4	2	0	0.52
1977	4	3	0.1	0.47
1977	4	4	0.4	0.31
1977	4	5	7.9	0.31
1977	4	6	5.6	0.36
1977	4	7	1.1	0.47
1977	4	8	0	0.69
1977	4	9	0	0.98
1977	4	10	0	1.08
1977	4	11	0	0.75
1977	4	12	0	0.58
1977	4	13	23.1	0.58
1977	4	14	1.5	1.91
1977	4	15	0	4.21
1977	4	16	17.9	3.6
1977	4	17	0	6.25
1977	4	18	0	3.48
1977	4	19	0	2.08
1977	4	20	0	1.54
1977	4	21	1.7	0.98
1977	4	22	0	0.81
1977	4	23	20.7	3.24
1977	4	24	0	6.98
1977	4	25	0.9	3.43
1977	4	26	30.7	3.6
1977	4	27	0	26.4
1977	4	28	0	10.2
1977	4	29	0.3	4.66
1977	4	30	1.9	2.89
1977	5	1	0	2.24
1977	5	2	7.7	1.93
1977	5	3	1.8	1.8
1977	5	4	1.6	1.93
1977	5	5	0	2.08
1977	5	6	0	1.93
1977	5	7	3	1.54
1977	5	8	7.6	1.29
1977	5	9	0	2.48
1977	5	10	0	3.23
1977	5	11	0	2.24
1977	5	12	8.2	1.8
1977	5	13	0.2	1.67
1977	5	14	0	2.4
1977	5	15	0	1.93
1977	5	16	0	1.54
1977	5	17	0	1.18
1977	5	18	0	0.98
1977	5	19	0.8	0.88
1977	5	20	0	0.81
1977	5	21	0	0.64
1977	5	22	0	0.52
1977	5	23	3.8	0.47
1977	5	24	0	0.47
1977	5	25	0	0.47
1977	5	26	0	0.41
1977	5	27	0	0.41
1977	5	28	0	0.26
1977	5	29	3.6	0.31
1977	5	30	2.3	0.22
1977	5	31	2.5	0.15
1977	6	1	0	0.15
1977	6	2	0	0.22
1977	6	3	0	0.26
1977	6	4	0	0.18
1977	6	5	0	0.12
1977	6	6	0	0.1
1977	6	7	0	0.1
1977	6	8	2.7	0.086
1977	6	9	0	0.086
1977	6	10	0	0.086
1977	6	11	0	0.086
1977	6	12	0.1	0.074
1977	6	13	0.2	0.074
1977	6	14	3.8	0.074
1977	6	15	0	0.074
1977	6	16	2	0.074
1977	6	17	0.6	0.074
1977	6	18	0.1	0.074
1977	6	19	0	0.074
1977	6	20	0	0.074
1977	6	21	0	0.068
1977	6	22	6.1	0.068
1977	6	23	0.2	0.068
1977	6	24	0	0.068
1977	6	25	3.8	0.068
1977	6	26	0.8	0.068
1977	6	27	0	0.68
1977	6	28	0.1	0.41
1977	6	29	0	0.22
1977	6	30	0	0.22
1977	7	1	0	0.12
1977	7	2	1.7	0.1
1977	7	3	0	0.1
1977	7	4	0	0.19
1977	7	5	0	0.22
1977	7	6	0	0.15
1977	7	7	16.1	0.1
1977	7	8	27.8	0.12
1977	7	9	27.6	0.76
1977	7	10	66.8	22.1
1977	7	11	2	44
1977	7	12	0	6.77
1977	7	13	0	2.76
1977	7	14	0	1.5
1977	7	15	0	1.03
1977	7	16	11.7	0.82
1977	7	17	11.7	0.82
1977	7	18	49.2	55
1977	7	19	0	25.9
1977	7	20	0	6.79
1977	7	21	0	2.6
1977	7	22	1.7	1.48
1977	7	23	1.7	1.05
1977	7	24	0.3	0.85
1977	7	25	0	0.76
1977	7	26	30.7	0.71
1977	7	27	0	4.31
1977	7	28	0	1.67
1977	7	29	0	0.93
1977	7	30	8.3	0.68
1977	7	31	0	0.62
1977	8	1	0	0.76
1977	8	2	0	0.62
1977	8	3	0	0.49
1977	8	4	0	0.37
1977	8	5	0	0.28
1977	8	6	0	0.24
1977	8	7	0.4	0.2
1977	8	8	11.2	1.35
1977	8	9	1.7	0.55
1977	8	10	0	0.62
1977	8	11	59.5	0.43
1977	8	12	25.1	34.7
1977	8	13	1.5	13.3
1977	8	14	14	4.69
1977	8	15	0	3.69
1977	8	16	0	2.05
1977	8	17	0	1.32
1977	8	18	0	0.85
1977	8	19	0.2	0.68
1977	8	20	0	0.62
1977	8	21	25.8	0.55
1977	8	22	6.1	0.76
1977	8	23	4.6	3.99
1977	8	24	0	7.49
1977	8	25	0	2.71
1977	8	26	0	1.67
1977	8	27	0	1.18
1977	8	28	0	1.18
1977	8	29	0	1.18
1977	8	30	0	0.85
1977	8	31	0	0.68
1977	9	1	0	0.62
1977	9	2	0	0.49
1977	9	3	0	0.49
1977	9	4	0	0.43
1977	9	5	0	0.37
1977	9	6	0	0.32
1977	9	7	0	0.28
1977	9	8	0	0.28
1977	9	9	0	0.24
1977	9	10	0	0.24
1977	9	11	0	0.24
1977	9	12	0.7	0.2
1977	9	13	0.6	0.17
1977	9	14	0.3	0.17
1977	9	15	0	0.17
1977	9	16	0.5	0.2
1977	9	17	4	0.2
1977	9	18	0	0.24
1977	9	19	0	0.24
1977	9	20	0	0.24
1977	9	21	0	0.2
1977	9	22	0	0.2
1977	9	23	0	0.17
1977	9	24	0	0.17
1977	9	25	0	0.17
1977	9	26	0	0.15
1977	9	27	0.6	0.15
1977	9	28	0	0.15
1977	9	29	0	0.15
1977	9	30	0	0.15
1977	10	1	0	0.15
1977	10	2	0	0.12
1977	10	3	0	0.12
1977	10	4	16.9	0.12
1977	10	5	15.2	0.17
1977	10	6	3.7	0.41
1977	10	7	0	0.68
1977	10	8	0	0.55
1977	10	9	0	0.37
1977	10	10	0	0.32
1977	10	11	0	0.24
1977	10	12	0	0.2
1977	10	13	0	0.2
1977	10	14	0	0.17
1977	10	15	0	0.17
1977	10	16	0	0.15
1977	10	17	0	0.15
1977	10	18	0	0.15
1977	10	19	0	0.15
1977	10	20	0	0.15
1977	10	21	0.9	0.15
1977	10	22	0	0.15
1977	10	23	0	0.15
1977	10	24	0	0.15
1977	10	25	8.9	0.12
1977	10	26	2.3	0.17
1977	10	27	0.1	0.17
1977	10	28	5.7	0.37
1977	10	29	0	0.32
1977	10	30	20.1	0.43
1977	10	31	0	2.89
1977	11	1	0	2.14
1977	11	2	0	0.93
1977	11	3	0	0.68
1977	11	4	2.3	0.43
1977	11	5	15.7	0.55
1977	11	6	13.6	1.26
1977	11	7	0	7.71
1977	11	8	0	5.47
1977	11	9	0	2.27
1977	11	10	0	1.32
1977	11	11	0	0.93
1977	11	12	0	0.76
1977	11	13	0	0.76
1977	11	14	0	0.62
1977	11	15	0	0.55
1977	11	16	0	0.43
1977	11	17	0	0.37
1977	11	18	0	0.37
1977	11	19	0	0.32
1977	11	20	0	0.32
1977	11	21	0	0.28
1977	11	22	0	0.43
1977	11	23	0	0.32
1977	11	24	0	0.28
1977	11	25	0	0.28
1977	11	26	0	0.28
1977	11	27	0	0.24
1977	11	28	0	0.24
1977	11	29	0	0.2
1977	11	30	0	0.24
1977	12	1	0	0.17
1977	12	2	0	0.2
1977	12	3	0	0.2
1977	12	4	0	0.2
1977	12	5	0	0.2
1977	12	6	0	0.2
1977	12	7	0	0.2
1977	12	8	0	0.2
1977	12	9	0	0.17
1977	12	10	0	0.2
1977	12	11	0	0.2
1977	12	12	0	0.26
1977	12	13	0	0.19
1977	12	14	0	0.23
1977	12	15	0	0.23
1977	12	16	0	0.28
1977	12	17	0	0.28
1977	12	18	0	0.23
1977	12	19	0	0.23
1977	12	20	0	0.23
1977	12	21	0	0.33
1977	12	22	0	0.28
1977	12	23	0	0.43
1977	12	24	0	0.43
1977	12	25	0	0.43
1977	12	26	0	0.33
1977	12	27	0	0.38
1977	12	28	0	0.33
1977	12	29	0	0.23
1977	12	30	0	0.28
1977	12	31	0	0.28
1978	1	1	0	0.28
1978	1	2	0	0.28
1978	1	3	0	0.28
1978	1	4	0	0.28
1978	1	5	0	0.28
1978	1	6	0	0.28
1978	1	7	0	0.22
1978	1	8	0	0.22
1978	1	9	0	0.22
1978	1	10	0	0.19
1978	1	11	0	0.22
1978	1	12	0	0.22
1978	1	13	0	0.22
1978	1	14	0	0.22
1978	1	15	1.2	0.22
1978	1	16	0.2	0.22
1978	1	17	0	0.22
1978	1	18	0	0.22
1978	1	19	0	0.22
1978	1	20	0	0.22
1978	1	21	0	0.19
1978	1	22	0	0.19
1978	1	23	0	0.19
1978	1	24	0	0.19
1978	1	25	0	0.19
1978	1	26	0	0.19
1978	1	27	6.1	0.19
1978	1	28	0	0.19
1978	1	29	0	0.22
1978	1	30	0	0.22
1978	1	31	0	0.28
1978	2	1	0	0.22
1978	2	2	0	0.22
1978	2	3	0	0.22
1978	2	4	0	0.22
1978	2	5	0	0.22
1978	2	6	0.3	0.19
1978	2	7	0.1	0.22
1978	2	8	0.2	0.22
1978	2	9	1	0.19
1978	2	10	1.1	0.22
1978	2	11	0.1	0.22
1978	2	12	0	0.22
1978	2	13	0	0.22
1978	2	14	0	0.22
1978	2	15	0	0.19
1978	2	16	0	0.22
1978	2	17	0	0.15
1978	2	18	0	0.19
1978	2	19	0	0.19
1978	2	20	0	0.19
1978	2	21	0	0.19
1978	2	22	0	0.19
1978	2	23	0	0.19
1978	2	24	0	0.15
1978	2	25	7.4	0.15
1978	2	26	2.1	0.15
1978	2	27	0	0.15
1978	2	28	0	0.15
1978	3	1	0	0.15
1978	3	2	2.4	0.22
1978	3	3	0	0.22
1978	3	4	0	0.22
1978	3	5	0	0.22
1978	3	6	0	0.22
1978	3	7	0.5	0.22
1978	3	8	4.6	0.22
1978	3	9	0	0.22
1978	3	10	0	0.22
1978	3	11	0.5	0.28
1978	3	12	0.4	0.28
1978	3	13	0.5	0.28
1978	3	14	0	0.28
1978	3	15	0	0.28
1978	3	16	0	0.28
1978	3	17	0	0.22
1978	3	18	0	0.22
1978	3	19	0.6	0.22
1978	3	20	0.5	0.22
1978	3	21	0	0.19
1978	3	22	0	0.22
1978	3	23	0	0.22
1978	3	24	0	0.22
1978	3	25	0	0.22
1978	3	26	0	0.22
1978	3	27	0	0.22
1978	3	28	1.5	0.22
1978	3	29	7.1	0.22
1978	3	30	8.7	0.22
1978	3	31	3.9	0.35
1978	4	1	1.2	2.02
1978	4	2	0	1.91
1978	4	3	0	1.44
1978	4	4	0	1.16
1978	4	5	0	0.8
1978	4	6	0	0.6
1978	4	7	0	0.51
1978	4	8	0	0.35
1978	4	9	0	0.28
1978	4	10	0	0.28
1978	4	11	0	0.28
1978	4	12	0	0.22
1978	4	13	0	0.15
1978	4	14	0	0.15
1978	4	15	0.4	0.15
1978	4	16	0	0.19
1978	4	17	0	0.15
1978	4	18	0	0.12
1978	4	19	2.1	0.15
1978	4	20	5.1	0.12
1978	4	21	0	0.12
1978	4	22	0	0.12
1978	4	23	0	0.12
1978	4	24	0	0.19
1978	4	25	0	0.15
1978	4	26	2.1	0.15
1978	4	27	9.2	0.15
1978	4	28	0	0.15
1978	4	29	0	0.15
1978	4	30	7.3	0.19
1978	5	1	1.3	0.19
1978	5	2	2.6	0.42
1978	5	3	0	0.28
1978	5	4	41.9	0.28
1978	5	5	0.4	0.81
1978	5	6	0	2.9
1978	5	7	0	1.45
1978	5	8	12.6	1.03
1978	5	9	0	2.1
1978	5	10	0	2
1978	5	11	0	1.24
1978	5	12	0	0.8
1978	5	13	0	0.69
1978	5	14	0	0.42
1978	5	15	0	0.35
1978	5	16	7.5	0.28
1978	5	17	0	0.28
1978	5	18	0	0.28
1978	5	19	0	0.28
1978	5	20	0	0.22
1978	5	21	0	0.19
1978	5	22	0	0.15
1978	5	23	0	0.15
1978	5	24	0	0.12
1978	5	25	0	0.1
1978	5	26	15.9	0.121
1978	5	27	0.1	0.12
1978	5	28	0	0.1
1978	5	29	27.6	0.1
1978	5	30	26.4	1.49
1978	5	31	0	9.79
1978	6	1	0	4.04
1978	6	2	0	1.91
1978	6	3	0	1.11
1978	6	4	0	0.69
1978	6	5	0	0.51
1978	6	6	0	0.35
1978	6	7	0	0.28
1978	6	8	1.1	0.22
1978	6	9	0	0.19
1978	6	10	0	0.15
1978	6	11	0	0.15
1978	6	12	16.8	0.15
1978	6	13	9.8	0.22
1978	6	14	0	1.36
1978	6	15	0	1.38
1978	6	16	0	0.69
1978	6	17	1.9	0.42
1978	6	18	0	1.35
1978	6	19	2.8	0.8
1978	6	20	0	0.91
1978	6	21	0	0.6
1978	6	22	0	0.42
1978	6	23	1.6	0.28
1978	6	24	18.6	0.28
1978	6	25	14.5	1.04
1978	6	26	1.6	6.74
1978	6	27	0	3.39
1978	6	28	0.2	2
1978	6	29	0	1.16
1978	6	30	0.5	0.8
1978	7	1	5.3	0.6
1978	7	2	18.5	0.51
1978	7	3	0.9	5.68
1978	7	4	17.2	3.26
1978	7	5	0.1	7.01
1978	7	6	0	5.34
1978	7	7	0	2.52
1978	7	8	0	1.44
1978	7	9	0	1.03
1978	7	10	0	0.69
1978	7	11	0	0.8
1978	7	12	0	0.6
1978	7	13	0	0.42
1978	7	14	0.2	0.35
1978	7	15	32	3.14
1978	7	16	8.8	19.3
1978	7	17	0	12
1978	7	18	0	4.98
1978	7	19	0	2.52
1978	7	20	0	1.59
1978	7	21	0	1.03
1978	7	22	0	0.91
1978	7	23	0	0.8
1978	7	24	1.1	0.8
1978	7	25	2.7	1.24
1978	7	26	0	3.14
1978	7	27	0	1.53
1978	7	28	0	1.03
1978	7	29	0	0.8
1978	7	30	0	0.6
1978	7	31	0	0.42
1978	8	1	0	0.35
1978	8	2	0	0.28
1978	8	3	0	0.22
1978	8	4	0	0.19
1978	8	5	0	0.15
1978	8	6	0	0.12
1978	8	7	0	0.1
1978	8	8	3.8	0.1
1978	8	9	1.5	3.45
1978	8	10	5.3	1.59
1978	8	11	0.1	0.91
1978	8	12	0	0.66
1978	8	13	0	0.8
1978	8	14	0	0.42
1978	8	15	0.5	0.42
1978	8	16	0	0.42
1978	8	17	0	0.28
1978	8	18	0	0.28
1978	8	19	0	0.19
1978	8	20	0	0.15
1978	8	21	0	0.15
1978	8	22	0	0.1
1978	8	23	0	0.1
1978	8	24	0.3	0.1
1978	8	25	0	0.1
1978	8	26	0	0.1
1978	8	27	0	0.1
1978	8	28	0	0.1
1978	8	29	0	0.1
1978	8	30	0	0.11
1978	8	31	0	0.22
1978	9	1	0	0.19
1978	9	2	0	0.15
1978	9	3	0	0.15
1978	9	4	2.6	0.12
1978	9	5	0	0.15
1978	9	6	0	0.15
1978	9	7	5	0.15
1978	9	8	12.5	0.19
1978	9	9	0	0.22
1978	9	10	0	0.22
1978	9	11	0	0.19
1978	9	12	0	0.15
1978	9	13	0	0.12
1978	9	14	0	0.12
1978	9	15	0.4	0.12
1978	9	16	0.2	0.12
1978	9	17	11.3	0.12
1978	9	18	0	0.12
1978	9	19	0	0.19
1978	9	20	2.9	0.22
1978	9	21	0.5	0.19
1978	9	22	0	0.15
1978	9	23	0	0.15
1978	9	24	0	0.15
1978	9	25	0	0.12
1978	9	26	0	0.1
1978	9	27	0	0.1
1978	9	28	0	0.1
1978	9	29	0	0.1
1978	9	30	0	0.075
1978	10	1	0	0.075
1978	10	2	0.5	0.06
1978	10	3	15.5	0.075
1978	10	4	0.1	0.075
1978	10	5	0.1	0.1
1978	10	6	4.9	0.12
1978	10	7	0.2	0.15
1978	10	8	0	0.15
1978	10	9	0	0.15
1978	10	10	0	0.12
1978	10	11	0	0.12
1978	10	12	0	0.12
1978	10	13	0	0.12
1978	10	14	0	0.12
1978	10	15	0	0.1
1978	10	16	0	0.075
1978	10	17	0	0.06
1978	10	18	0	0.1
1978	10	19	0	0.075
1978	10	20	4.5	0.06
1978	10	21	10.3	0.075
1978	10	22	0	0.1
1978	10	23	0	0.1
1978	10	24	0	0.19
1978	10	25	3	0.19
1978	10	26	14.8	0.19
1978	10	27	0	0.22
1978	10	28	0	0.22
1978	10	29	0	0.28
1978	10	30	0	0.22
1978	10	31	0	0.15
1978	11	1	0	0.22
1978	11	2	0	0.15
1978	11	3	3.9	0.12
1978	11	4	1	0.12
1978	11	5	0	0.12
1978	11	6	0	0.15
1978	11	7	0.9	0.15
1978	11	8	18.2	0.22
1978	11	9	10.7	0.29
1978	11	10	0.2	0.66
1978	11	11	0	1.44
1978	11	12	0	0.98
1978	11	13	1.1	0.69
1978	11	14	7.3	0.51
1978	11	15	5.9	0.6
1978	11	16	0.2	0.66
1978	11	17	0	1.3
1978	11	18	0	0.98
1978	11	19	0.3	0.69
1978	11	20	0	0.51
1978	11	21	0.2	0.42
1978	11	22	0	0.35
1978	11	23	4.4	0.35
1978	11	24	0.2	0.28
1978	11	25	0	0.28
1978	11	26	0	0.28
1978	11	27	0	0.28
1978	11	28	0	0.28
1978	11	29	0	0.28
1978	11	30	0	0.22
1978	12	1	0	0.22
1978	12	2	0	0.22
1978	12	3	0	0.22
1978	12	4	0	0.22
1978	12	5	0	0.22
1978	12	6	0	0.19
1978	12	7	0	0.15
1978	12	8	0	0.22
1978	12	9	1	0.15
1978	12	10	0	0.19
1978	12	11	0	0.15
1978	12	12	0	0.19
1978	12	13	0	0.15
1978	12	14	0	0.19
1978	12	15	0	0.15
1978	12	16	0	0.15
1978	12	17	0	0.15
1978	12	18	0.6	0.12
1978	12	19	0	0.12
1978	12	20	0.4	0.1
1978	12	21	0	0.12
1978	12	22	0	0.12
1978	12	23	0	0.15
1978	12	24	0	0.15
1978	12	25	0	0.12
1978	12	26	0	0.12
1978	12	27	0	0.12
1978	12	28	0	0.12
1978	12	29	0	0.12
1978	12	30	0	0.12
1978	12	31	0	0.12
1979	1	1	0	0.12
1979	1	2	0	0.12
1979	1	3	0	0.12
1979	1	4	0	0.12
1979	1	5	0	0.12
1979	1	6	0	0.12
1979	1	7	0	0.12
1979	1	8	0	0.12
1979	1	9	0	0.12
1979	1	10	0.6	0.12
1979	1	11	5.2	0.12
1979	1	12	0	0.12
1979	1	13	0.4	0.125
1979	1	14	0	0.142
1979	1	15	0	0.143
1979	1	16	0	0.143
1979	1	17	0	0.138
1979	1	18	0	0.121
1979	1	19	0	0.12
1979	1	20	0	0.12
1979	1	21	0	0.12
1979	1	22	0	0.12
1979	1	23	0	0.12
1979	1	24	0	0.12
1979	1	25	0	0.12
1979	1	26	0	0.12
1979	1	27	0.3	0.12
1979	1	28	1.9	0.12
1979	1	29	0.3	0.12
1979	1	30	3	0.125
1979	1	31	0	0.142
1979	2	1	0	0.143
1979	2	2	0	0.143
1979	2	3	0	0.143
1979	2	4	0	0.138
1979	2	5	0	0.121
1979	2	6	0	0.12
1979	2	7	0	0.12
1979	2	8	0	0.12
1979	2	9	0.4	0.12
1979	2	10	0	0.12
1979	2	11	0	0.12
1979	2	12	0	0.12
1979	2	13	0	0.12
1979	2	14	5.2	0.12
1979	2	15	0	0.12
1979	2	16	0	0.12
1979	2	17	0	0.12
1979	2	18	0	0.12
1979	2	19	0	0.12
1979	2	20	0.2	0.12
1979	2	21	7.4	0.12
1979	2	22	9.4	0.13
1979	2	23	0	0.205
1979	2	24	0.4	0.482
1979	2	25	0	0.442
1979	2	26	0	0.48
1979	2	27	0	0.447
1979	2	28	0	0.387
1979	3	1	0	0.33
1979	3	2	0	0.283
1979	3	3	0	0.28
1979	3	4	0	0.269
1979	3	5	0	0.233
1979	3	6	0	0.211
1979	3	7	0	0.156
1979	3	8	0	0.178
1979	3	9	0	0.172
1979	3	10	2.3	0.145
1979	3	11	0.6	0.151
1979	3	12	0	0.178
1979	3	13	0.1	0.18
1979	3	14	0	0.172
1979	3	15	1	0.153
1979	3	16	0	0.17
1979	3	17	0	0.145
1979	3	18	0	0.141
1979	3	19	0	0.17
1979	3	20	0	0.145
1979	3	21	0	0.138
1979	3	22	5.7	0.121
1979	3	23	0	0.125
1979	3	24	0	0.15
1979	3	25	0	0.17
1979	3	26	0	0.145
1979	3	27	0	0.138
1979	3	28	0	0.121
1979	3	29	14.3	0.145
1979	3	30	0.2	0.191
1979	3	31	0	0.238
1979	4	1	5.5	0.291
1979	4	2	0	0.323
1979	4	3	0	0.363
1979	4	4	0	0.356
1979	4	5	0.4	0.34
1979	4	6	2.2	0.327
1979	4	7	0	0.283
1979	4	8	0	0.28
1979	4	9	0	0.28
1979	4	10	0	0.269
1979	4	11	1	0.244
1979	4	12	11.9	0.277
1979	4	13	0	0.309
1979	4	14	0	0.609
1979	4	15	0	1.02
1979	4	16	0	0.897
1979	4	17	0	0.627
1979	4	18	0	0.489
1979	4	19	0	0.462
1979	4	20	0	0.391
1979	4	21	0	0.33
1979	4	22	25.6	0.305
1979	4	23	8.9	4.39
1979	4	24	0	7.09
1979	4	25	1.3	3.23
1979	4	26	11.1	1.91
1979	4	27	0.4	1.82
1979	4	28	1.9	2.52
1979	4	29	0	2.01
1979	4	30	3.3	1.48
1979	5	1	0	1.34
1979	5	2	1.9	1.16
1979	5	3	0	0.9
1979	5	4	0	0.718
1979	5	5	30.6	0.627
1979	5	6	0.3	7.68
1979	5	7	0	7.38
1979	5	8	0	3.52
1979	5	9	0	2.25
1979	5	10	11	1.55
1979	5	11	18.8	1.99
1979	5	12	4.5	30.3
1979	5	13	4.9	21.9
1979	5	14	3.5	8.75
1979	5	15	0	6.5
1979	5	16	0	4.6
1979	5	17	0	2.92
1979	5	18	0	1.97
1979	5	19	0.1	1.4
1979	5	20	0.1	1.07
1979	5	21	0	0.89
1979	5	22	0	0.729
1979	5	23	0	0.569
1979	5	24	0	0.456
1979	5	25	0	0.373
1979	5	26	2.3	0.285
1979	5	27	0	0.237
1979	5	28	0	0.254
1979	5	29	0	0.229
1979	5	30	0	0.186
1979	5	31	0	0.165
1979	6	1	3.9	0.143
1979	6	2	0	0.133
1979	6	3	34.2	0.166
1979	6	4	16	0.308
1979	6	5	0	3.93
1979	6	6	0	2.11
1979	6	7	0	1.14
1979	6	8	0	0.688
1979	6	9	0	0.485
1979	6	10	0	0.331
1979	6	11	0	0.258
1979	6	12	0	0.185
1979	6	13	0	0.147
1979	6	14	0	0.133
1979	6	15	0	0.12
1979	6	16	0	0.112
1979	6	17	4.4	0.101
1979	6	18	12.2	0.127
1979	6	19	0	0.123
1979	6	20	0	0.155
1979	6	21	0	0.138
1979	6	22	11	0.121
1979	6	23	9.8	0.14
1979	6	24	27.5	0.134
1979	6	25	0	0.198
1979	6	26	0	0.259
1979	6	27	0	0.23
1979	6	28	0	0.208
1979	6	29	0	0.147
1979	6	30	0	0.133
1979	7	1	1.4	0.112
1979	7	2	1	0.099
1979	7	3	0	0.084
1979	7	4	4	0.083
1979	7	5	0.6	0.098
1979	7	6	0	0.1
1979	7	7	1.4	0.1
1979	7	8	20.4	0.118
1979	7	9	0	0.498
1979	7	10	0	0.983
1979	7	11	5.5	0.514
1979	7	12	3.5	0.322
1979	7	13	4.7	0.288
1979	7	14	4.7	0.527
1979	7	15	67.7	22.4
1979	7	16	0	19.9
1979	7	17	0	4.94
1979	7	18	27.6	2.33
1979	7	19	0	14.4
1979	7	20	0	5.77
1979	7	21	0	2.96
1979	7	22	0	1.75
1979	7	23	0.4	1.17
1979	7	24	50.5	17.1
1979	7	25	0.5	10.9
1979	7	26	9.8	5.55
1979	7	27	0	6.84
1979	7	28	0.1	3.31
1979	7	29	0	2.04
1979	7	30	27.2	2.97
1979	7	31	0.1	8.25
1979	8	1	7.1	8.39
1979	8	2	24.7	14
1979	8	3	2.8	16.2
1979	8	4	0	12.9
1979	8	5	11.9	12.5
1979	8	6	3.7	14.7
1979	8	7	0	7.98
1979	8	8	0	4.31
1979	8	9	0	2.55
1979	8	10	0	1.78
1979	8	11	0	1.19
1979	8	12	0	0.856
1979	8	13	16.3	0.571
1979	8	14	12.2	1.93
1979	8	15	0	3.82
1979	8	16	0	2.25
1979	8	17	4.3	2.46
1979	8	18	0	1.85
1979	8	19	1.2	1.46
1979	8	20	0	1.11
1979	8	21	0	0.887
1979	8	22	0	0.677
1979	8	23	0.1	0.527
1979	8	24	0	0.48
1979	8	25	0	0.476
1979	8	26	14.8	0.381
1979	8	27	4.1	5.59
1979	8	28	0	4.5
1979	8	29	1.9	2.19
1979	8	30	42	1.79
1979	8	31	14.4	14.8
1979	9	1	0	19.5
1979	9	2	0	6.47
1979	9	3	0.8	3.52
1979	9	4	22.6	2.95
1979	9	5	6.1	28.6
1979	9	6	0	15
1979	9	7	0	6.44
1979	9	8	0	3.96
1979	9	9	0	2.69
1979	9	10	0	2.01
1979	9	11	16.1	1.55
1979	9	12	55.4	35.3
1979	9	13	16.7	75.5
1979	9	14	10.5	45
1979	9	15	21.5	58.2
1979	9	16	0	35.7
1979	9	17	0	13.3
1979	9	18	0.1	7.47
1979	9	19	6.9	5.36
1979	9	20	4.2	5.22
1979	9	21	22.3	7.39
1979	9	22	20	54.8
1979	9	23	8.6	63.1
1979	9	24	0	29.6
1979	9	25	0	12.4
1979	9	26	0	7.56
1979	9	27	0.2	5.17
1979	9	28	1.6	3.95
1979	9	29	0	3.43
1979	9	30	0	2.85
1979	10	1	0	2.26
1979	10	2	0	1.86
1979	10	3	0	1.5
1979	10	4	0	1.26
1979	10	5	0	1.13
1979	10	6	0	1.01
1979	10	7	0	0.869
1979	10	8	0	0.797
1979	10	9	0	0.709
1979	10	10	0	0.62
1979	10	11	0	0.608
1979	10	12	0.2	0.539
1979	10	13	0.1	0.53
1979	10	14	0	0.503
1979	10	15	1.8	0.52
1979	10	16	5	0.47
1979	10	17	1.2	0.527
1979	10	18	0	0.61
1979	10	19	0	0.526
1979	10	20	0	0.373
1979	10	21	0	0.373
1979	10	22	2.5	0.38
1979	10	23	0	0.38
1979	10	24	0	0.38
1979	10	25	0	0.355
1979	10	26	0	0.32
1979	10	27	0	0.32
1979	10	28	0	0.318
1979	10	29	0	0.267
1979	10	30	0	0.26
1979	10	31	0	0.26
1979	11	1	0	0.26
1979	11	2	0	0.26
1979	11	3	3.1	0.251
1979	11	4	2.7	0.231
1979	11	5	0	0.258
1979	11	6	0	0.26
1979	11	7	0	0.26
1979	11	8	0	0.251
1979	11	9	0	0.222
1979	11	10	4.4	0.229
1979	11	11	0.6	0.258
1979	11	12	0	0.26
1979	11	13	0	0.26
1979	11	14	0	0.26
1979	11	15	0	0.251
1979	11	16	6.3	0.231
1979	11	17	0.5	0.258
1979	11	18	0	0.287
1979	11	19	0	0.373
1979	11	20	0	0.344
1979	11	21	0	0.229
1979	11	22	0	0.22
1979	11	23	0	0.22
1979	11	24	0	0.22
1979	11	25	0	0.209
1979	11	26	0	0.184
1979	11	27	0	0.217
1979	11	28	0	0.202
1979	11	29	0	0.162
1979	11	30	0	0.216
1979	12	1	0	0.22
1979	12	2	0	0.22
1979	12	3	0	0.202
1979	12	4	0	0.162
1979	12	5	0	0.204
1979	12	6	0	0.173
1979	12	7	0.3	0.17
1979	12	8	0.8	0.17
1979	12	9	0	0.17
1979	12	10	0.3	0.17
1979	12	11	0	0.17
1979	12	12	0	0.181
1979	12	13	0	0.217
1979	12	14	0	0.209
1979	12	15	0	0.173
1979	12	16	0	0.17
1979	12	17	1.5	0.17
1979	12	18	2.6	0.17
1979	12	19	0.3	0.181
1979	12	20	4	0.226
1979	12	21	0	0.258
1979	12	22	2.4	0.26
1979	12	23	0	0.273
1979	12	24	0	0.303
1979	12	25	0	0.254
1979	12	26	0	0.222
1979	12	27	0	0.22
1979	12	28	0	0.22
1979	12	29	0	0.209
1979	12	30	0	0.173
1979	12	31	1.9	0.187
1980	1	1	0.2	0.191
1980	1	2	0	0.227
1980	1	3	0	0.23
1980	1	4	0	0.243
1980	1	5	0	0.273
1980	1	6	0	0.222
1980	1	7	0	0.183
1980	1	8	0	0.191
1980	1	9	0	0.227
1980	1	10	0	0.21
1980	1	11	0	0.145
1980	1	12	0	0.16
1980	1	13	0	0.205
1980	1	14	0	0.154
1980	1	15	0	0.178
1980	1	16	0	0.18
1980	1	17	0	0.18
1980	1	18	0.2	0.18
1980	1	19	0	0.18
1980	1	20	0	0.191
1980	1	21	0	0.227
1980	1	22	0	0.23
1980	1	23	0	0.219
1980	1	24	0	0.183
1980	1	25	0	0.191
1980	1	26	0	0.216
1980	1	27	7.8	0.194
1980	1	28	3.6	0.216
1980	1	29	0.6	0.207
1980	1	30	0	0.331
1980	1	31	0	0.29
1980	2	1	0	0.233
1980	2	2	0	0.23
1980	2	3	0	0.23
1980	2	4	0	0.23
1980	2	5	0	0.23
1980	2	6	0	0.23
1980	2	7	0	0.219
1980	2	8	0	0.194
1980	2	9	0	0.207
1980	2	10	0	0.154
1980	2	11	0	0.178
1980	2	12	0	0.171
1980	2	13	0	0.151
1980	2	14	0	0.169
1980	2	15	0	0.162
1980	2	16	0.2	0.225
1980	2	17	0	0.219
1980	2	18	0	0.194
1980	2	19	0	0.207
1980	2	20	0	0.145
1980	2	21	0	0.16
1980	2	22	0	0.225
1980	2	23	0	0.21
1980	2	24	0.3	0.165
1980	2	25	1.9	0.225
1980	2	26	2.7	0.23
1980	2	27	0	0.23
1980	2	28	0	0.23
1980	2	29	0	0.23
1980	3	1	0	0.23
1980	3	2	0	0.23
1980	3	3	9.6	0.219
1980	3	4	1.9	0.207
1980	3	5	0	0.296
1980	3	6	0	0.33
1980	3	7	0.7	0.293
1980	3	8	0	0.29
1980	3	9	0	0.29
1980	3	10	0.5	0.277
1980	3	11	0.7	0.247
1980	3	12	2.7	0.287
1980	3	13	0	0.29
1980	3	14	0	0.29
1980	3	15	0	0.277
1980	3	16	0	0.233
1980	3	17	0	0.219
1980	3	18	0	0.275
1980	3	19	0	0.35
1980	3	20	13.1	0.35
1980	3	21	2.2	0.386
1980	3	22	0	0.549
1980	3	23	0	0.527
1980	3	24	0	0.798
1980	3	25	0	0.951
1980	3	26	0	0.663
1980	3	27	2.1	0.641
1980	3	28	0	0.641
1980	3	29	0.8	0.606
1980	3	30	7	0.509
1980	3	31	0	0.539
1980	4	1	0	0.522
1980	4	2	0	0.614
1980	4	3	0	0.565
1980	4	4	13.1	0.56
1980	4	5	4.3	0.909
1980	4	6	0	3.16
1980	4	7	0	2.13
1980	4	8	1.6	1.49
1980	4	9	0	1.04
1980	4	10	4.9	0.838
1980	4	11	0	0.741
1980	4	12	6.3	0.72
1980	4	13	2.6	0.733
1980	4	14	0	0.869
1980	4	15	0	1.2
1980	4	16	0	1.06
1980	4	17	0	0.76
1980	4	18	0	0.575
1980	4	19	0	0.479
1980	4	20	0	0.415
1980	4	21	0	0.413
1980	4	22	0	0.333
1980	4	23	10	0.344
1980	4	24	4.1	0.378
1980	4	25	0	0.513
1980	4	26	0.1	0.73
1980	4	27	0.3	0.691
1980	4	28	0	0.569
1980	4	29	0	0.556
1980	4	30	0	0.433
1980	5	1	0	0.413
1980	5	2	0	0.358
1980	5	3	0	0.35
1980	5	4	0	0.303
1980	5	5	0.1	0.265
1980	5	6	4.6	0.232
1980	5	7	0	0.258
1980	5	8	0	0.277
1980	5	9	0	0.271
1980	5	10	1.6	0.23
1980	5	11	0	0.23
1980	5	12	0	0.209
1980	5	13	6.1	0.181
1980	5	14	0	0.223
1980	5	15	0	0.169
1980	5	16	0	0.14
1980	5	17	0	0.141
1980	5	18	2.4	0.174
1980	5	19	0	0.144
1980	5	20	0	0.14
1980	5	21	0.1	0.14
1980	5	22	0	0.139
1980	5	23	33.2	0.144
1980	5	24	6.5	0.223
1980	5	25	0	0.187
1980	5	26	0	0.226
1980	5	27	0	0.257
1980	5	28	0	0.186
1980	5	29	0	0.163
1980	5	30	48	0.148
1980	5	31	25	15.7
1980	6	1	0	14.3
1980	6	2	0	4.26
1980	6	3	0	1.96
1980	6	4	0	0.984
1980	6	5	5.6	0.621
1980	6	6	0	0.578
1980	6	7	0	0.628
1980	6	8	0	0.535
1980	6	9	17.9	0.444
1980	6	10	0.4	1.39
1980	6	11	2	1.51
1980	6	12	0	1.19
1980	6	13	0	0.82
1980	6	14	0	0.506
1980	6	15	0.8	0.383
1980	6	16	15.6	0.394
1980	6	17	0.3	0.801
1980	6	18	10.1	1.22
1980	6	19	0.1	1.69
1980	6	20	0	2.47
1980	6	21	0	1.72
1980	6	22	4.4	1.09
1980	6	23	89	46.9
1980	6	24	13.2	159
1980	6	25	0.2	30.6
1980	6	26	0	9.9
1980	6	27	0	5
1980	6	28	0	2.91
1980	6	29	12.8	2.04
1980	6	30	0.2	1.63
1980	7	1	0	1.63
1980	7	2	0.5	1.39
1980	7	3	8.1	1.21
1980	7	4	0	1.59
1980	7	5	0	1.75
1980	7	6	0	1.29
1980	7	7	28.8	1.12
1980	7	8	4.7	19
1980	7	9	3.8	14.1
1980	7	10	1.8	7.84
1980	7	11	5.5	6.49
1980	7	12	11.7	13.5
1980	7	13	0	17.4
1980	7	14	0	7.97
1980	7	15	0.2	4.35
1980	7	16	1.5	2.84
1980	7	17	6.2	2.5
1980	7	18	0	2.73
1980	7	19	0	2.04
1980	7	20	0	1.62
1980	7	21	0	1.32
1980	7	22	0	0.989
1980	7	23	0	0.818
1980	7	24	0	0.578
1980	7	25	0	0.528
1980	7	26	0	0.373
1980	7	27	0	0.607
1980	7	28	0	0.878
1980	7	29	1.3	0.673
1980	7	30	0.1	0.583
1980	7	31	8.1	0.694
1980	8	1	27.9	1.58
1980	8	2	1.1	48.4
1980	8	3	16	12
1980	8	4	0.1	22.6
1980	8	5	0	12.4
1980	8	6	0	5.85
1980	8	7	0	3.24
1980	8	8	0	2.14
1980	8	9	1.2	1.69
1980	8	10	0.2	1.54
1980	8	11	4	1.33
1980	8	12	0.1	1.3
1980	8	13	0	1.16
1980	8	14	9	0.92
1980	8	15	0	5.23
1980	8	16	0.3	1.54
1980	8	17	1.6	1.8
1980	8	18	2.5	1.39
1980	8	19	0	1.15
1980	8	20	14.1	1.07
1980	8	21	5.5	3
1980	8	22	2.8	3.38
1980	8	23	33.9	2.69
1980	8	24	13.9	64.4
1980	8	25	0	22.6
1980	8	26	0.4	8.22
1980	8	27	31.5	6.24
1980	8	28	1.4	75.2
1980	8	29	0	23.2
1980	8	30	0	9.8
1980	8	31	0	5.59
1980	9	1	0	3.44
1980	9	2	0	2.38
1980	9	3	0.3	1.81
1980	9	4	12.1	1.56
1980	9	5	20	2.95
1980	9	6	0	10.4
1980	9	7	24	6.63
1980	9	8	15.9	59.3
1980	9	9	0	30.4
1980	9	10	0	11.5
1980	9	11	0	6.39
1980	9	12	0	4.23
1980	9	13	0	2.97
1980	9	14	0	2.46
1980	9	15	0	2.05
1980	9	16	0	1.78
1980	9	17	0	1.52
1980	9	18	0	1.39
1980	9	19	0	1.27
1980	9	20	0	1.16
1980	9	21	6.8	1.01
1980	9	22	5	1.18
1980	9	23	0	1.27
1980	9	24	0	1.07
1980	9	25	0	0.962
1980	9	26	0	0.871
1980	9	27	0	0.749
1980	9	28	0	0.74
1980	9	29	0	0.706
1980	9	30	0	0.626
1980	10	1	0	0.58
1980	10	2	1	0.58
1980	10	3	1.5	0.58
1980	10	4	6.6	0.615
1980	10	5	1.1	0.799
1980	10	6	0	0.83
1980	10	7	0	0.713
1980	10	8	7.2	0.622
1980	10	9	7.8	0.73
1980	10	10	0.1	1.02
1980	10	11	6.4	0.986
1980	10	12	0.2	0.945
1980	10	13	0	0.918
1980	10	14	7.1	0.8
1980	10	15	10	1.08
1980	10	16	0	2.99
1980	10	17	0	1.91
1980	10	18	0	1.31
1980	10	19	0	1.07
1980	10	20	0	0.881
1980	10	21	1.3	0.749
1980	10	22	0	0.74
1980	10	23	0	0.738
1980	10	24	0	0.666
1980	10	25	0	0.587
1980	10	26	0	0.519
1980	10	27	0	0.508
1980	10	28	0.3	0.449
1980	10	29	2.1	0.425
1980	10	30	0	0.427
1980	10	31	0.4	0.45
1980	11	1	0	0.427
1980	11	2	0	0.42
1980	11	3	0	0.42
1980	11	4	0	0.419
1980	11	5	0	0.395
1980	11	6	0	0.395
1980	11	7	0	0.395
1980	11	8	0	0.37
1980	11	9	0	0.321
1980	11	10	0	0.314
1980	11	11	0	0.316
1980	11	12	0	0.301
1980	11	13	0	0.291
1980	11	14	24.1	0.297
1980	11	15	0	0.534
1980	11	16	0	1.12
1980	11	17	0	0.723
1980	11	18	0	0.56
1980	11	19	0	0.471
1980	11	20	0	0.481
1980	11	21	0.1	0.397
1980	11	22	0	0.39
1980	11	23	6.6	0.403
1980	11	24	0	0.474
1980	11	25	2.1	0.542
1980	11	26	0	0.47
1980	11	27	0	0.508
1980	11	28	0	0.497
1980	11	29	0	0.429
1980	11	30	0	0.357
1980	12	1	0.3	0.365
1980	12	2	0	0.316
1980	12	3	0	0.384
1980	12	4	0	0.368
1980	12	5	0	0.296
1980	12	6	0	0.301
1980	12	7	0	0.326
1980	12	8	0	0.293
1980	12	9	0	0.29
1980	12	10	0	0.29
1980	12	11	0	0.29
1980	12	12	0	0.29
1980	12	13	0	0.281
1980	12	14	1.3	0.252
1980	12	15	0.1	0.259
1980	12	16	0	0.299
1980	12	17	0	0.326
1980	12	18	0	0.284
1980	12	19	0	0.261
1980	12	20	0	0.288
1980	12	21	0	0.29
1980	12	22	0	0.29
1980	12	23	0	0.29
1980	12	24	0	0.29
1980	12	25	0	0.281
1980	12	26	0	0.252
1980	12	27	0	0.234
1980	12	28	0	0.199
1980	12	29	0	0.246
1980	12	30	0	0.25
1980	12	31	0	0.25
1981	1	1	0	0.234
1981	1	2	0	0.199
1981	1	3	0	0.246
1981	1	4	0	0.25
1981	1	5	0.7	0.25
1981	1	6	0	0.234
1981	1	7	0	0.199
1981	1	8	0.3	0.246
1981	1	9	0	0.25
1981	1	10	0	0.25
1981	1	11	0	0.25
1981	1	12	0	0.25
1981	1	13	0	0.243
1981	1	14	0	0.228
1981	1	15	0	0.233
1981	1	16	0	0.179
1981	1	17	0	0.181
1981	1	18	0	0.229
1981	1	19	0	0.193
1981	1	20	4	0.224
1981	1	21	0	0.248
1981	1	22	1.5	0.25
1981	1	23	0.1	0.25
1981	1	24	0	0.25
1981	1	25	0.3	0.243
1981	1	26	0	0.222
1981	1	27	0	0.22
1981	1	28	0	0.22
1981	1	29	0	0.22
1981	1	30	0	0.22
1981	1	31	0	0.22
1981	2	1	0	0.227
1981	2	2	0	0.242
1981	2	3	0	0.208
1981	2	4	0	0.177
1981	2	5	0	0.217
1981	2	6	0	0.227
1981	2	7	0	0.228
1981	2	8	0	0.185
1981	2	9	0	0.245
1981	2	10	0	0.23
1981	2	11	0.5	0.158
1981	2	12	0	0.152
1981	2	13	0	0.215
1981	2	14	0	0.22
1981	2	15	25.1	0.227
1981	2	16	0	0.417
1981	2	17	0	0.713
1981	2	18	7.1	0.61
1981	2	19	0	0.46
1981	2	20	0	0.484
1981	2	21	0	0.465
1981	2	22	0	0.51
1981	2	23	0	0.556
1981	2	24	0	0.589
1981	2	25	0	0.593
1981	2	26	0	0.471
1981	2	27	0	0.337
1981	2	28	0.1	0.283
1981	3	1	0	0.249
1981	3	2	0	0.257
1981	3	3	0	0.288
1981	3	4	0	0.28
1981	3	5	0	0.249
1981	3	6	0	0.239
1981	3	7	0	0.212
1981	3	8	0	0.21
1981	3	9	0	0.21
1981	3	10	0.3	0.21
1981	3	11	0	0.21
1981	3	12	0	0.21
1981	3	13	0	0.21
1981	3	14	0	0.21
1981	3	15	0	0.201
1981	3	16	0	0.161
1981	3	17	0	0.127
1981	3	18	0	0.154
1981	3	19	0.3	0.197
1981	3	20	0	0.161
1981	3	21	2.2	0.127
1981	3	22	4.5	0.146
1981	3	23	10.9	0.245
1981	3	24	0.3	0.747
1981	3	25	0	1.04
1981	3	26	5.1	0.732
1981	3	27	9.2	0.621
1981	3	28	6.2	0.955
1981	3	29	9.3	2.28
1981	3	30	0	6.29
1981	3	31	9.1	3.88
1981	4	1	6.8	4.99
1981	4	2	5.5	11.6
1981	4	3	0	12.7
1981	4	4	0	6.66
1981	4	5	0	3.39
1981	4	6	0	2.21
1981	4	7	0.1	1.57
1981	4	8	0	1.37
1981	4	9	0	1.11
1981	4	10	0	0.946
1981	4	11	0	0.84
1981	4	12	0	0.734
1981	4	13	0	0.653
1981	4	14	14.2	0.482
1981	4	15	0	0.657
1981	4	16	3.7	1.37
1981	4	17	17.7	3.43
1981	4	18	4.5	21.4
1981	4	19	1.5	10.9
1981	4	20	0	7.9
1981	4	21	0	4.82
1981	4	22	0	3.14
1981	4	23	0	2.16
1981	4	24	0	1.53
1981	4	25	0	1.25
1981	4	26	0	1.04
1981	4	27	0	0.914
1981	4	28	0	0.793
1981	4	29	0	0.696
1981	4	30	0.3	0.617
1981	5	1	0	0.512
1981	5	2	0	0.452
1981	5	3	0	0.469
1981	5	4	0	0.395
1981	5	5	0	0.343
1981	5	6	0	0.295
1981	5	7	0	0.272
1981	5	8	0	0.247
1981	5	9	0	0.232
1981	5	10	0	0.21
1981	5	11	0	0.193
1981	5	12	0	0.17
1981	5	13	0.2	0.158
1981	5	14	0	0.14
1981	5	15	0	0.14
1981	5	16	0	0.131
1981	5	17	0	0.106
1981	5	18	0	0.095
1981	5	19	0	0.077
1981	5	20	0	0.082
1981	5	21	0	0.077
1981	5	22	0	0.07
1981	5	23	0	0.062
1981	5	24	0	0.055
1981	5	25	0	0.054
1981	5	26	0	0.063
1981	5	27	0	0.091
1981	5	28	15.2	0.087
1981	5	29	5.2	0.115
1981	5	30	0	0.128
1981	5	31	0	0.11
1981	6	1	0	0.077
1981	6	2	0	0.075
1981	6	3	0	0.07
1981	6	4	0	0.062
1981	6	5	0	0.055
1981	6	6	0	0.048
1981	6	7	0.1	0.047
1981	6	8	2	0.047
1981	6	9	19.6	0.062
1981	6	10	2	0.085
1981	6	11	0	0.103
1981	6	12	0	0.084
1981	6	13	0	0.077
1981	6	14	0	0.087
1981	6	15	0	0.088
1981	6	16	0	0.063
1981	6	17	0	0.052
1981	6	18	0	0.043
1981	6	19	8.9	0.045
1981	6	20	1.5	0.054
1981	6	21	7	0.073
1981	6	22	14.8	0.083
1981	6	23	10.4	0.106
1981	6	24	8.2	0.199
1981	6	25	0	0.598
1981	6	26	0	0.651
1981	6	27	9	0.406
1981	6	28	0	0.918
1981	6	29	0	0.962
1981	6	30	0	0.411
1981	7	1	0	0.239
1981	7	2	1.2	0.262
1981	7	3	2.1	0.213
1981	7	4	0	0.174
1981	7	5	0	0.17
1981	7	6	0	0.169
1981	7	7	0	0.143
1981	7	8	0.4	0.133
1981	7	9	2.9	0.544
1981	7	10	0.2	0.372
1981	7	11	0	0.365
1981	7	12	0	0.277
1981	7	13	0.1	0.23
1981	7	14	15.8	0.176
1981	7	15	0.7	0.106
1981	7	16	0	0.385
1981	7	17	0.2	0.491
1981	7	18	7.7	0.389
1981	7	19	0	0.287
1981	7	20	0	0.19
1981	7	21	0	0.132
1981	7	22	0	0.109
1981	7	23	0	0.065
1981	7	24	0	0.075
1981	7	25	0	0.063
1981	7	26	0	0.055
1981	7	27	0	0.046
1981	7	28	0	0.053
1981	7	29	0	0.055
1981	7	30	0	0.048
1981	7	31	0	0.045
1981	8	1	13.4	0.045
1981	8	2	0	0.043
1981	8	3	0	0.041
1981	8	4	0	0.022
1981	8	5	0	0.047
1981	8	6	0	0.072
1981	8	7	0.1	0.096
1981	8	8	3.2	0.121
1981	8	9	31.2	0.146
1981	8	10	9	1.03
1981	8	11	0	1.95
1981	8	12	0.6	1.09
1981	8	13	0	0.623
1981	8	14	0	0.452
1981	8	15	0	0.364
1981	8	16	20.4	0.341
1981	8	17	0.1	0.66
1981	8	18	0	0.524
1981	8	19	1.2	0.443
1981	8	20	0	0.331
1981	8	21	0	0.291
1981	8	22	1.8	0.453
1981	8	23	0.7	0.452
1981	8	24	8.1	0.383
1981	8	25	1.6	0.395
1981	8	26	0	0.656
1981	8	27	0	0.667
1981	8	28	0.1	0.517
1981	8	29	4.4	0.438
1981	8	30	0.6	0.416
1981	8	31	0	0.414
1981	9	1	0	0.382
1981	9	2	0	0.329
1981	9	3	4.1	0.306
1981	9	4	2.4	0.298
1981	9	5	0	0.29
1981	9	6	0	0.316
1981	9	7	1.7	0.278
1981	9	8	9.6	0.284
1981	9	9	4.6	0.306
1981	9	10	14.7	0.272
1981	9	11	13.3	0.649
1981	9	12	1.4	4.17
1981	9	13	11.5	3.35
1981	9	14	0	5.41
1981	9	15	0	3.1
1981	9	16	0	1.87
1981	9	17	0	1.44
1981	9	18	0	1.12
1981	9	19	0	0.824
1981	9	20	0	0.528
1981	9	21	0	0.466
1981	9	22	0	0.352
1981	9	23	0	0.358
1981	9	24	0	0.33
1981	9	25	0	0.308
1981	9	26	0	0.273
1981	9	27	0	0.227
1981	9	28	4.7	0.23
1981	9	29	28.3	0.251
1981	9	30	16.2	1.74
1981	10	1	0	9.02
1981	10	2	17.5	3.79
1981	10	3	13.6	18.3
1981	10	4	5	22.5
1981	10	5	25.7	10.9
1981	10	6	15.7	50.8
1981	10	7	2.5	40.4
1981	10	8	0	14.6
1981	10	9	0	6.86
1981	10	10	0	4.08
1981	10	11	0	2.69
1981	10	12	0	1.96
1981	10	13	0	1.57
1981	10	14	0.1	1.37
1981	10	15	4	1.19
1981	10	16	0	1.13
1981	10	17	0.1	1.03
1981	10	18	4.9	0.948
1981	10	19	0.3	0.97
1981	10	20	2.4	0.982
1981	10	21	0.4	1.07
1981	10	22	0	1.26
1981	10	23	0	1.15
1981	10	24	0	1.03
1981	10	25	0	0.946
1981	10	26	0.1	0.868
1981	10	27	3.2	0.823
1981	10	28	0	0.795
1981	10	29	0	0.758
1981	10	30	0	0.69
1981	10	31	0	0.653
1981	11	1	1.6	0.782
1981	11	2	0	1.29
1981	11	3	1	1.19
1981	11	4	6.9	1.09
1981	11	5	11.3	1.79
1981	11	6	2	7.15
1981	11	7	0.1	7.05
1981	11	8	0	5.06
1981	11	9	0	3.63
1981	11	10	0	2.75
1981	11	11	0	2.31
1981	11	12	0	1.94
1981	11	13	0	1.63
1981	11	14	0.1	1.37
1981	11	15	0	1.24
1981	11	16	0	1.13
1981	11	17	0	0.989
1981	11	18	0	0.946
1981	11	19	0	0.868
1981	11	20	0	0.823
1981	11	21	2.2	0.795
1981	11	22	1.6	0.817
1981	11	23	0	0.891
1981	11	24	3.3	0.9
1981	11	25	0	0.933
1981	11	26	0	0.948
1981	11	27	0	0.933
1981	11	28	0	0.89
1981	11	29	0	0.855
1981	11	30	0	0.807
1981	12	1	0	0.775
1981	12	2	0	0.73
1981	12	3	0	0.714
1981	12	4	0	0.664
1981	12	5	0	0.644
1981	12	6	0	0.594
1981	12	7	0	0.59
1981	12	8	0	0.59
1981	12	9	0	0.574
1981	12	10	0	0.524
1981	12	11	0	0.52
1981	12	12	1.6	0.52
1981	12	13	0.1	0.52
1981	12	14	0	0.52
1981	12	15	0	0.52
1981	12	16	0	0.52
1981	12	17	2	0.504
1981	12	18	0	0.454
1981	12	19	0	0.45
1981	12	20	0	0.45
1981	12	21	0	0.45
1981	12	22	0	0.45
1981	12	23	0	0.437
1981	12	24	0	0.393
1981	12	25	0	0.39
1981	12	26	0	0.39
1981	12	27	0	0.39
1981	12	28	0	0.39
1981	12	29	9.2	0.403
1981	12	30	0	0.447
1981	12	31	0	0.45
1982	1	1	0	0.43
1982	1	2	0	0.43
1982	1	3	0	0.417
1982	1	4	0	0.373
1982	1	5	0	0.37
1982	1	6	0	0.37
1982	1	7	0	0.37
1982	1	8	0	0.37
1982	1	9	0	0.37
1982	1	10	0	0.37
1982	1	11	0	0.37
1982	1	12	1	0.37
1982	1	13	0	0.37
1982	1	14	0	0.37
1982	1	15	0	0.359
1982	1	16	0	0.323
1982	1	17	0	0.32
1982	1	18	0	0.32
1982	1	19	0	0.32
1982	1	20	0	0.32
1982	1	21	0	0.32
1982	1	22	0	0.32
1982	1	23	0.3	0.32
1982	1	24	2.7	0.32
1982	1	25	0	0.32
1982	1	26	0.1	0.331
1982	1	27	0	0.356
1982	1	28	0	0.312
1982	1	29	0	0.276
1982	1	30	0.1	0.263
1982	1	31	0	0.232
1982	2	1	0	0.23
1982	2	2	3	0.23
1982	2	3	0.2	0.23
1982	2	4	0.1	0.23
1982	2	5	0	0.23
1982	2	6	0.6	0.23
1982	2	7	0.1	0.23
1982	2	8	0	0.24
1982	2	9	0	0.271
1982	2	10	0	0.273
1982	2	11	0	0.273
1982	2	12	0.8	0.273
1982	2	13	0.2	0.273
1982	2	14	0	0.273
1982	2	15	0	0.283
1982	2	16	0	0.307
1982	2	17	0.2	0.276
1982	2	18	0	0.273
1982	2	19	0	0.273
1982	2	20	0	0.273
1982	2	21	0	0.273
1982	2	22	5.2	0.283
1982	2	23	0	0.317
1982	2	24	0	0.331
1982	2	25	0	0.367
1982	2	26	0	0.383
1982	2	27	0.1	0.413
1982	2	28	0	0.373
1982	3	1	0	0.37
1982	3	2	0	0.4
1982	3	3	0	0.479
1982	3	4	0.1	0.434
1982	3	5	7.3	0.46
1982	3	6	3.3	0.52
1982	3	7	0	0.594
1982	3	8	0	0.692
1982	3	9	0	0.692
1982	3	10	0	0.726
1982	3	11	0	0.668
1982	3	12	0	0.645
1982	3	13	10.2	0.603
1982	3	14	0	0.697
1982	3	15	0	0.83
1982	3	16	1.9	0.84
1982	3	17	6.1	0.84
1982	3	18	0.2	0.883
1982	3	19	0.1	1.14
1982	3	20	0	1.23
1982	3	21	0	1.15
1982	3	22	0.1	1.12
1982	3	23	0.1	0.994
1982	3	24	1.9	0.851
1982	3	25	7.8	0.86
1982	3	26	2.9	0.97
1982	3	27	0	1.21
1982	3	28	0	1.78
1982	3	29	0	2.62
1982	3	30	0	2.8
1982	3	31	0	2.47
1982	4	1	8.1	1.95
1982	4	2	9	1.79
1982	4	3	0	4.56
1982	4	4	0	6.33
1982	4	5	0	4.27
1982	4	6	0	2.73
1982	4	7	0	1.95
1982	4	8	0.2	1.44
1982	4	9	0	1.33
1982	4	10	0	1.1
1982	4	11	0	0.949
1982	4	12	0	0.847
1982	4	13	0	0.758
1982	4	14	0	0.67
1982	4	15	0	0.587
1982	4	16	27.1	0.518
1982	4	17	5.9	4.85
1982	4	18	0	11.2
1982	4	19	4.6	6.1
1982	4	20	0	4.29
1982	4	21	0	3.15
1982	4	22	0	2.25
1982	4	23	0	1.77
1982	4	24	4.8	1.49
1982	4	25	0	1.44
1982	4	26	0	1.24
1982	4	27	0.8	1.04
1982	4	28	20.3	1.04
1982	4	29	7.3	3.92
1982	4	30	0	10.1
1982	5	1	0	5.99
1982	5	2	0	3.75
1982	5	3	0	2.58
1982	5	4	0	1.66
1982	5	5	0.1	1.35
1982	5	6	0	1.15
1982	5	7	0	0.997
1982	5	8	0.3	0.847
1982	5	9	0	0.758
1982	5	10	0	0.67
1982	5	11	3.2	0.589
1982	5	12	2.7	0.58
1982	5	13	0	0.58
1982	5	14	0	0.548
1982	5	15	0	0.471
1982	5	16	0	0.375
1982	5	17	0	0.326
1982	5	18	0	0.319
1982	5	19	0	0.278
1982	5	20	0	0.255
1982	5	21	0	0.229
1982	5	22	0	0.183
1982	5	23	0	0.134
1982	5	24	29.6	0.15
1982	5	25	0	0.17
1982	5	26	7.8	0.122
1982	5	27	50.2	0.176
1982	5	28	10.3	8.13
1982	5	29	4.2	8.38
1982	5	30	0	5.12
1982	5	31	0	2.87
1982	6	1	21.9	1.74
1982	6	2	0	2.9
1982	6	3	0	2.16
1982	6	4	0	1.21
1982	6	5	0	0.9
1982	6	6	0	0.721
1982	6	7	0	0.557
1982	6	8	0	0.471
1982	6	9	0	0.377
1982	6	10	0.1	0.37
1982	6	11	4.7	0.425
1982	6	12	0	0.503
1982	6	13	0	0.501
1982	6	14	0	0.412
1982	6	15	0	0.306
1982	6	16	0	0.272
1982	6	17	0	0.234
1982	6	18	0	0.196
1982	6	19	0.5	0.147
1982	6	20	19.8	0.122
1982	6	21	1.3	0.2
1982	6	22	0	0.252
1982	6	23	0	0.386
1982	6	24	0	0.305
1982	6	25	0	0.219
1982	6	26	0.4	0.179
1982	6	27	4.2	0.16
1982	6	28	0	0.16
1982	6	29	0	0.16
1982	6	30	0	0.16
1982	7	1	0	0.152
1982	7	2	0	0.139
1982	7	3	0	0.122
1982	7	4	0	0.112
1982	7	5	0	0.1
1982	7	6	0	0.092
1982	7	7	0	0.08
1982	7	8	0.3	0.071
1982	7	9	2.8	0.07
1982	7	10	0	0.07
1982	7	11	0	0.073
1982	7	12	0.1	0.179
1982	7	13	5.9	0.179
1982	7	14	0.2	0.16
1982	7	15	4.5	0.161
1982	7	16	3.9	0.189
1982	7	17	8.1	0.195
1982	7	18	0	0.315
1982	7	19	4	0.669
1982	7	20	43	0.566
1982	7	21	44.7	6
1982	7	22	51.7	81.7
1982	7	23	4.8	69
1982	7	24	0	20.3
1982	7	25	0	7.68
1982	7	26	0	3.34
1982	7	27	11	2.03
1982	7	28	20.1	4.13
1982	7	29	400.7	87
1982	7	30	31.5	188
1982	7	31	20.4	100
1982	8	1	14.1	41.8
1982	8	2	0.3	28.8
1982	8	3	0	23.8
1982	8	4	0.2	11.7
1982	8	5	0	9.84
1982	8	6	0	5.96
1982	8	7	0	3.61
1982	8	8	0	2.49
1982	8	9	3.8	3.03
1982	8	10	0	6.74
1982	8	11	4.9	4.4
1982	8	12	5.1	6.83
1982	8	13	0.5	5.02
1982	8	14	0	4
1982	8	15	0	2.84
1982	8	16	0	2.16
1982	8	17	0	2.15
1982	8	18	0	1.79
1982	8	19	1.5	1.47
1982	8	20	20.1	1.32
1982	8	21	23.2	16.4
1982	8	22	0	27.9
1982	8	23	75.7	40.3
1982	8	24	13.9	196
1982	8	25	0	40.4
1982	8	26	0.2	13.2
1982	8	27	0.8	7.7
1982	8	28	0	5.45
1982	8	29	0	4.43
1982	8	30	0	3.69
1982	8	31	6.1	3.25
1982	9	1	0	3.44
1982	9	2	0	3.09
1982	9	3	0	2.79
1982	9	4	10.2	2.53
1982	9	5	9.5	8.16
1982	9	6	0.1	13.8
1982	9	7	15.4	8.51
1982	9	8	1	15.5
1982	9	9	0	11.7
1982	9	10	1.4	7.91
1982	9	11	0	6.24
1982	9	12	0	4.81
1982	9	13	0	3.62
1982	9	14	0	2.89
1982	9	15	0	2.4
1982	9	16	22.9	2.16
1982	9	17	16	8.68
1982	9	18	0.2	24.2
1982	9	19	0	12.6
1982	9	20	0	7.51
1982	9	21	0.3	5.24
1982	9	22	0	4.03
1982	9	23	0	3.06
1982	9	24	0	2.53
1982	9	25	0	2.15
1982	9	26	3.8	1.96
1982	9	27	2.5	1.95
1982	9	28	5.3	1.86
1982	9	29	3.4	2.04
1982	9	30	6.9	2.23
1982	10	1	5.5	3.02
1982	10	2	1.9	3.98
1982	10	3	4.6	5.52
1982	10	4	0.1	4.76
1982	10	5	0	4.39
1982	10	6	0	3.62
1982	10	7	0	2.84
1982	10	8	0	2.35
1982	10	9	0	1.98
1982	10	10	0	1.7
1982	10	11	0	1.58
1982	10	12	0.1	1.48
1982	10	13	0.4	1.42
1982	10	14	0	1.46
1982	10	15	0	1.39
1982	10	16	0	1.21
1982	10	17	0	1.15
1982	10	18	0	1.08
1982	10	19	0	1
1982	10	20	0	0.938
1982	10	21	0	0.928
1982	10	22	0	0.875
1982	10	23	0	0.866
1982	10	24	0	0.816
1982	10	25	0	0.81
1982	10	26	0	0.81
1982	10	27	0	0.81
1982	10	28	0.7	0.81
1982	10	29	3.1	0.81
1982	10	30	19	0.867
1982	10	31	0	1.66
1982	11	1	0	1.75
1982	11	2	0.3	1.29
1982	11	3	0.2	1.07
1982	11	4	0	0.987
1982	11	5	0.6	0.934
1982	11	6	0.3	0.93
1982	11	7	0.6	0.93
1982	11	8	5.1	0.945
1982	11	9	0	1.05
1982	11	10	0	1.2
1982	11	11	0	1.12
1982	11	12	0	0.991
1982	11	13	6.7	0.949
1982	11	14	0	1.05
1982	11	15	3.2	1.18
1982	11	16	0	1.08
1982	11	17	0	1.05
1982	11	18	0	1
1982	11	19	0	0.983
1982	11	20	2.3	0.934
1982	11	21	0.2	0.93
1982	11	22	0	0.916
1982	11	23	0	0.859
1982	11	24	0	0.813
1982	11	25	0	0.799
1982	11	26	7.9	0.774
1982	11	27	7.8	0.865
1982	11	28	1.7	1.13
1982	11	29	0	1.42
1982	11	30	0	1.47
1982	12	1	0.6	1.31
1982	12	2	0	1.24
1982	12	3	0	1.21
1982	12	4	0	1.14
1982	12	5	0	1.06
1982	12	6	0	0.987
1982	12	7	0	0.92
1982	12	8	0	0.859
1982	12	9	0	0.813
1982	12	10	0	0.81
1982	12	11	0	0.799
1982	12	12	0	0.754
1982	12	13	0	0.722
1982	12	14	3.4	0.72
1982	12	15	0.8	0.729
1982	12	16	0	0.758
1982	12	17	0	0.751
1982	12	18	0	0.722
1982	12	19	0	0.709
1982	12	20	0	0.673
1982	12	21	0	0.67
1982	12	22	0	0.67
1982	12	23	0	0.67
1982	12	24	6	0.681
1982	12	25	0	0.717
1982	12	26	0	0.709
1982	12	27	0	0.664
1982	12	28	0	0.632
1982	12	29	0	0.63
1982	12	30	0	0.63
1982	12	31	0.9	0.63
1983	1	1	0	0.59
1983	1	2	0.1	0.59
1983	1	3	8.6	0.621
1983	1	4	0	0.738
1983	1	5	0	0.796
1983	1	6	0	0.784
1983	1	7	0	0.718
1983	1	8	0	0.664
1983	1	9	0	0.644
1983	1	10	0	0.578
1983	1	11	0	0.524
1983	1	12	0	0.551
1983	1	13	0	0.608
1983	1	14	0	0.456
1983	1	15	0	0.394
1983	1	16	1.3	0.45
1983	1	17	0	0.629
1983	1	18	0	0.578
1983	1	19	0	0.524
1983	1	20	0	0.507
1983	1	21	0	0.463
1983	1	22	0	0.46
1983	1	23	0	0.46
1983	1	24	0	0.46
1983	1	25	0	0.46
1983	1	26	0	0.46
1983	1	27	0	0.46
1983	1	28	0	0.46
1983	1	29	0	0.46
1983	1	30	1	0.46
1983	1	31	0.1	0.46
1983	2	1	0	0.473
1983	2	2	0	0.517
1983	2	3	0	0.507
1983	2	4	0	0.463
1983	2	5	0	0.46
1983	2	6	0	0.46
1983	2	7	0	0.46
1983	2	8	0	0.444
1983	2	9	0	0.394
1983	2	10	0	0.39
1983	2	11	0	0.39
1983	2	12	0	0.39
1983	2	13	0	0.374
1983	2	14	0	0.324
1983	2	15	0.9	0.32
1983	2	16	0	0.32
1983	2	17	0	0.32
1983	2	18	0	0.32
1983	2	19	0	0.32
1983	2	20	0	0.32
1983	2	21	0	0.32
1983	2	22	0	0.307
1983	2	23	0	0.253
1983	2	24	0	0.26
1983	2	25	0	0.26
1983	2	26	0	0.26
1983	2	27	1.2	0.26
1983	2	28	5.7	0.273
1983	3	1	1.2	0.317
1983	3	2	0	0.351
1983	3	3	0	0.452
1983	3	4	0	0.444
1983	3	5	0	0.394
1983	3	6	0	0.374
1983	3	7	0	0.324
1983	3	8	0.1	0.32
1983	3	9	0	0.32
1983	3	10	0	0.32
1983	3	11	0	0.307
1983	3	12	0	0.277
1983	3	13	0.8	0.303
1983	3	14	0	0.263
1983	3	15	0	0.244
1983	3	16	0	0.194
1983	3	17	0	0.19
1983	3	18	0	0.19
1983	3	19	0	0.19
1983	3	20	0	0.179
1983	3	21	7.5	0.154
1983	3	22	12.7	0.251
1983	3	23	3.8	0.583
1983	3	24	0.2	1.34
1983	3	25	0	1.88
1983	3	26	1.8	1.54
1983	3	27	0	1.32
1983	3	28	0	1.16
1983	3	29	0	1.01
1983	3	30	0	0.894
1983	3	31	0	0.816
1983	4	1	0	0.723
1983	4	2	1	0.615
1983	4	3	0	0.556
1983	4	4	0	0.548
1983	4	5	0	0.5
1983	4	6	0	0.445
1983	4	7	0	0.395
1983	4	8	3.3	0.389
1983	4	9	5.6	0.389
1983	4	10	10.9	0.393
1983	4	11	0.2	0.656
1983	4	12	7.3	2.12
1983	4	13	0	3.51
1983	4	14	18.4	3.46
1983	4	15	0.1	8.16
1983	4	16	0	9.22
1983	4	17	0	5.46
1983	4	18	0.2	4.06
1983	4	19	0.7	2.7
1983	4	20	5.6	2.01
1983	4	21	0	2.77
1983	4	22	0	2.78
1983	4	23	0	2
1983	4	24	0	1.63
1983	4	25	33.8	10.3
1983	4	26	0	21
1983	4	27	0	6.8
1983	4	28	2.8	4.45
1983	4	29	0	3.46
1983	4	30	0	2.57
1983	5	1	0	1.87
1983	5	2	1.6	1.61
1983	5	3	5.8	1.41
1983	5	4	3.4	1.71
1983	5	5	0	1.94
1983	5	6	0	1.88
1983	5	7	0	1.61
1983	5	8	0	1.36
1983	5	9	0	1.09
1983	5	10	0	0.895
1983	5	11	0	0.815
1983	5	12	0	0.746
1983	5	13	0	0.578
1983	5	14	30	1.88
1983	5	15	0	9.95
1983	5	16	0	4.02
1983	5	17	0	2.19
1983	5	18	0	1.42
1983	5	19	0	1.09
1983	5	20	0	0.967
1983	5	21	14.7	0.953
1983	5	22	0.2	1.11
1983	5	23	0.6	1.92
1983	5	24	1.9	1.44
1983	5	25	0.1	1.5
1983	5	26	4.3	2.07
1983	5	27	0	1.94
1983	5	28	0	1.76
1983	5	29	10.5	1.47
1983	5	30	0	1.29
1983	5	31	0	0.991
1983	6	1	0.8	0.795
1983	6	2	0	0.665
1983	6	3	0	0.607
1983	6	4	0	0.483
1983	6	5	1	0.393
1983	6	6	0	0.323
1983	6	7	0	0.244
1983	6	8	0	0.194
1983	6	9	0	0.146
1983	6	10	0	0.139
1983	6	11	19.7	0.142
1983	6	12	0	0.414
1983	6	13	1.4	0.612
1983	6	14	8.2	0.506
1983	6	15	0	0.5
1983	6	16	0	0.474
1983	6	17	0	0.393
1983	6	18	0.6	0.28
1983	6	19	3.4	0.239
1983	6	20	0	0.196
1983	6	21	0	0.191
1983	6	22	1.2	0.234
1983	6	23	0.9	0.241
1983	6	24	25.4	0.305
1983	6	25	0.4	4.93
1983	6	26	1.4	5.04
1983	6	27	0	2.87
1983	6	28	1.2	1.57
1983	6	29	0	1.21
1983	6	30	13.7	1.09
1983	7	1	1.5	5.52
1983	7	2	0	3.64
1983	7	3	4.1	2.03
1983	7	4	2	1.61
1983	7	5	0.8	1.63
1983	7	6	2.6	1.28
1983	7	7	0	1.48
1983	7	8	0	1.26
1983	7	9	2.4	1.02
1983	7	10	7.8	0.961
1983	7	11	0.8	1.34
1983	7	12	0	2.13
1983	7	13	4.3	2.06
1983	7	14	1	2.48
1983	7	15	2.6	2.05
1983	7	16	0	1.76
1983	7	17	0	1.33
1983	7	18	0	1.04
1983	7	19	0	0.895
1983	7	20	17.1	0.794
1983	7	21	33.7	19.2
1983	7	22	12.3	44.1
1983	7	23	2.1	26.1
1983	7	24	0	12.5
1983	7	25	0	7.94
1983	7	26	0	4.26
1983	7	27	0	2.72
1983	7	28	27.9	6.5
1983	7	29	2	8.66
1983	7	30	29	17.1
1983	7	31	23.1	17
1983	8	1	0	31.6
1983	8	2	7.5	13.3
1983	8	3	1.7	6.59
1983	8	4	0	4.32
1983	8	5	0.9	2.67
1983	8	6	0	1.99
1983	8	7	6	2.61
1983	8	8	0	4.88
1983	8	9	0.1	3.06
1983	8	10	0.3	2.68
1983	8	11	6.9	6.78
1983	8	12	0	10.1
1983	8	13	1.5	18.8
1983	8	14	0	14.8
1983	8	15	0	7.7
1983	8	16	0	3.97
1983	8	17	0.2	2.34
1983	8	18	0.4	1.79
1983	8	19	5.8	1.56
1983	8	20	0	1.83
1983	8	21	42.1	1.48
1983	8	22	9.7	33.7
1983	8	23	0	19.8
1983	8	24	2.8	7.35
1983	8	25	0	5.64
1983	8	26	0	3.9
1983	8	27	0	2.75
1983	8	28	0.9	2.19
1983	8	29	0	1.79
1983	8	30	0	1.46
1983	8	31	34.2	9.46
1983	9	1	0	11.2
1983	9	2	0	3.17
1983	9	3	0	1.86
1983	9	4	9.6	1.69
1983	9	5	0	4.57
1983	9	6	2.6	4.17
1983	9	7	25	2.5
1983	9	8	22.7	10.1
1983	9	9	20	37.9
1983	9	10	3.1	68.2
1983	9	11	0	23.1
1983	9	12	2	11.6
1983	9	13	1	7.57
1983	9	14	0	4.9
1983	9	15	42.7	29.3
1983	9	16	3.1	58
1983	9	17	0	20.6
1983	9	18	0	12.4
1983	9	19	0	7.4
1983	9	20	0	5.1
1983	9	21	19.1	3.83
1983	9	22	1.2	6.14
1983	9	23	3.8	7.41
1983	9	24	0.3	9.07
1983	9	25	0	6.6
1983	9	26	0	4.94
1983	9	27	1.5	3.58
1983	9	28	0.3	3
1983	9	29	0	2.75
1983	9	30	0	1.89
1983	10	1	0	2.03
1983	10	2	0	1.65
1983	10	3	6.4	1.37
1983	10	4	61.4	1.19
1983	10	5	67.9	219
1983	10	6	13	106
1983	10	7	0	52.8
1983	10	8	0	17.3
1983	10	9	0	9.6
1983	10	10	17.6	7.37
1983	10	11	0	29.8
1983	10	12	13	12.1
1983	10	13	5.6	22.3
1983	10	14	0.3	19.2
1983	10	15	0	12.5
1983	10	16	0.1	8.94
1983	10	17	15.8	7.5
1983	10	18	50.6	58.1
1983	10	19	1	118
1983	10	20	0.2	27.5
1983	10	21	2.2	13.8
1983	10	22	0.8	11.3
1983	10	23	0	9.13
1983	10	24	5.3	7.55
1983	10	25	5.1	9.03
1983	10	26	0	11.1
1983	10	27	0	6.75
1983	10	28	0	5.94
1983	10	29	0	4.82
1983	10	30	0.6	4.08
1983	10	31	0	3.6
1983	11	1	0	3.03
1983	11	2	3.9	2.7
1983	11	3	0	2.67
1983	11	4	0	2.5
1983	11	5	0	2.16
1983	11	6	1.9	2.06
1983	11	7	4.3	1.69
1983	11	8	10.1	2.34
1983	11	9	0	6.8
1983	11	10	0.2	4.81
1983	11	11	0	3.84
1983	11	12	0	3.24
1983	11	13	0	3.2
1983	11	14	0	1.92
1983	11	15	0	1.71
1983	11	16	0	1.74
1983	11	17	0	1.6
1983	11	18	0	1.6
1983	11	19	0	1.46
1983	11	20	0.8	1.44
1983	11	21	0	1.44
1983	11	22	0	1.31
1983	11	23	0	1.29
1983	11	24	0	1.17
1983	11	25	0	1.16
1983	11	26	0	1.1
1983	11	27	0	1.92
1983	11	28	0	1.9
1983	11	29	0	1.78
1983	11	30	0	1.62
1983	12	1	0	1.56
1983	12	2	0	1.45
1983	12	3	0	1.32
1983	12	4	0	0.94
1983	12	5	0	0.833
1983	12	6	0	0.534
1983	12	7	0	0.454
1983	12	8	0	0.45
1983	12	9	0	0.45
1983	12	10	0	0.45
1983	12	11	0	0.434
1983	12	12	0	0.399
1983	12	13	0	0.431
1983	12	14	0.3	0.384
1983	12	15	0	0.38
1983	12	16	5.9	0.396
1983	12	17	0	0.446
1983	12	18	0	0.45
1983	12	19	0	0.434
1983	12	20	0	0.381
1983	12	21	0	0.323
1983	12	22	0	0.32
1983	12	23	0	0.32
1983	12	24	0	0.32
1983	12	25	0	0.323
1983	12	26	0	0.333
1983	12	27	0	0.377
1983	12	28	1	0.356
1983	12	29	0	0.276
1983	12	30	0	0.27
1983	12	31	0	0.287
1984	1	1	0	0.33
1984	1	2	0	0.33
1984	1	3	0	0.319
1984	1	4	0	0.294
1984	1	5	0	0.338
1984	1	6	0	0.377
1984	1	7	0	0.38
1984	1	8	0	0.38
1984	1	9	0	0.38
1984	1	10	0	0.38
1984	1	11	0	0.38
1984	1	12	0	0.38
1984	1	13	0	0.38
1984	1	14	0	0.38
1984	1	15	0	0.38
1984	1	16	0	0.38
1984	1	17	8.1	0.38
1984	1	18	1.4	0.396
1984	1	19	0.9	0.446
1984	1	20	0	0.45
1984	1	21	0	0.45
1984	1	22	0	0.434
1984	1	23	0	0.384
1984	1	24	0	0.38
1984	1	25	0	0.38
1984	1	26	0	0.369
1984	1	27	0	0.333
1984	1	28	0.3	0.33
1984	1	29	0	0.33
1984	1	30	0	0.33
1984	1	31	0	0.33
1984	2	1	0	0.341
1984	2	2	0	0.377
1984	2	3	0	0.369
1984	2	4	0	0.333
1984	2	5	0	0.33
1984	2	6	0	0.33
1984	2	7	0	0.33
1984	2	8	0	0.33
1984	2	9	1	0.33
1984	2	10	0	0.33
1984	2	11	0	0.341
1984	2	12	0	0.366
1984	2	13	0	0.333
1984	2	14	0	0.33
1984	2	15	0	0.33
1984	2	16	0	0.33
1984	2	17	0	0.33
1984	2	18	0	0.33
1984	2	19	0	0.33
1984	2	20	0	0.33
1984	2	21	2.2	0.33
1984	2	22	0.3	0.341
1984	2	23	0	0.377
1984	2	24	0	0.369
1984	2	25	0	0.333
1984	2	26	0	0.33
1984	2	27	0	0.33
1984	2	28	0	0.33
1984	2	29	0	0.33
1984	3	1	0	0.33
1984	3	2	0	0.319
1984	3	3	0	0.283
1984	3	4	0	0.28
1984	3	5	0	0.28
1984	3	6	1.5	0.291
1984	3	7	0.1	0.312
1984	3	8	0	0.264
1984	3	9	0	0.26
1984	3	10	0.2	0.26
1984	3	11	0	0.264
1984	3	12	0	0.279
1984	3	13	0.9	0.28
1984	3	14	0.9	0.291
1984	3	15	0	0.316
1984	3	16	0	0.283
1984	3	17	0	0.28
1984	3	18	9.7	0.291
1984	3	19	0	0.372
1984	3	20	0	0.517
1984	3	21	0	0.49
1984	3	22	0	0.43
1984	3	23	0	0.379
1984	3	24	0.1	0.336
1984	3	25	0	0.311
1984	3	26	9.7	0.328
1984	3	27	0.7	0.409
1984	3	28	0	0.505
1984	3	29	0	0.6
1984	3	30	0	0.569
1984	3	31	2.9	0.459
1984	4	1	0	0.45
1984	4	2	2.5	0.45
1984	4	3	6.9	0.457
1984	4	4	2	0.663
1984	4	5	0.1	2.28
1984	4	6	0	1.83
1984	4	7	0.6	1.35
1984	4	8	0	0.991
1984	4	9	0	0.87
1984	4	10	0	0.778
1984	4	11	0	0.696
1984	4	12	0	0.608
1984	4	13	0	0.536
1984	4	14	0	0.457
1984	4	15	0	0.367
1984	4	16	0.2	0.33
1984	4	17	10.2	0.33
1984	4	18	0	0.832
1984	4	19	0	1.55
1984	4	20	1.8	1.17
1984	4	21	0	0.882
1984	4	22	0	0.775
1984	4	23	0.7	0.617
1984	4	24	0.1	0.504
1984	4	25	0	0.423
1984	4	26	0	0.44
1984	4	27	0	0.388
1984	4	28	0	0.359
1984	4	29	0	0.33
1984	4	30	0	0.329
1984	5	1	0	0.286
1984	5	2	8.2	0.281
1984	5	3	2.6	0.328
1984	5	4	3.2	0.437
1984	5	5	0	0.483
1984	5	6	0	0.528
1984	5	7	0	0.457
1984	5	8	0	0.386
1984	5	9	0	0.334
1984	5	10	0	0.285
1984	5	11	33.6	0.262
1984	5	12	1.1	9.9
1984	5	13	0	7.27
1984	5	14	16.3	3.22
1984	5	15	0.1	12
1984	5	16	0	8.15
1984	5	17	0	4.17
1984	5	18	0	2.68
1984	5	19	0	1.87
1984	5	20	0	1.41
1984	5	21	0	1.01
1984	5	22	0.6	0.857
1984	5	23	11.1	0.827
1984	5	24	0	1.37
1984	5	25	0	1.36
1984	5	26	0	0.946
1984	5	27	13.5	0.827
1984	5	28	0	6.54
1984	5	29	0	2.72
1984	5	30	0.2	1.47
1984	5	31	0	1.06
1984	6	1	0	0.87
1984	6	2	0	0.773
1984	6	3	0	0.523
1984	6	4	0	0.421
1984	6	5	8.5	0.361
1984	6	6	12.3	0.417
1984	6	7	0	1.35
1984	6	8	0.2	1.2
1984	6	9	0	0.8
1984	6	10	0	0.588
1984	6	11	0	0.43
1984	6	12	35.7	0.448
1984	6	13	14.5	38.2
1984	6	14	6.9	33
1984	6	15	0	20.2
1984	6	16	0	7.13
1984	6	17	0	4.01
1984	6	18	0	2.73
1984	6	19	0	1.81
1984	6	20	0	1.29
1984	6	21	0.1	1.09
1984	6	22	0	0.979
1984	6	23	0	0.872
1984	6	24	0	0.869
1984	6	25	1.7	1.1
1984	6	26	6	0.982
1984	6	27	5.3	0.97
1984	6	28	0	1.15
1984	6	29	0	1.77
1984	6	30	0	1.18
1984	7	1	16.5	0.982
1984	7	2	4.1	12.6
1984	7	3	0.7	4.49
1984	7	4	5.1	4.45
1984	7	5	0	3.34
1984	7	6	28.6	2.48
1984	7	7	5.5	33.5
1984	7	8	0	16.3
1984	7	9	0	7.13
1984	7	10	0	4.32
1984	7	11	4.3	3.01
1984	7	12	3.4	2.37
1984	7	13	0	11.8
1984	7	14	0	3.27
1984	7	15	0	1.98
1984	7	16	0	1.41
1984	7	17	0	1.06
1984	7	18	6.6	0.875
1984	7	19	10.2	0.961
1984	7	20	1.5	1.53
1984	7	21	0	2.55
1984	7	22	0	1.66
1984	7	23	3.3	1.27
1984	7	24	6.8	1.11
1984	7	25	28.4	3.56
1984	7	26	3.5	37.8
1984	7	27	0	14
1984	7	28	0	5.65
1984	7	29	0	3.41
1984	7	30	0	2.54
1984	7	31	0	2.02
1984	8	1	0	1.68
1984	8	2	0	1.4
1984	8	3	0	1.2
1984	8	4	0.9	1.88
1984	8	5	4	2.55
1984	8	6	0	1.43
1984	8	7	0	1.15
1984	8	8	2.3	1.17
1984	8	9	1.8	1.27
1984	8	10	0	1.18
1984	8	11	0.2	0.897
1984	8	12	14.7	3.29
1984	8	13	15.8	4.77
1984	8	14	0	4.85
1984	8	15	0	3.34
1984	8	16	0	1.98
1984	8	17	0	1.37
1984	8	18	6.4	1.19
1984	8	19	0.1	1.14
1984	8	20	0.2	1.14
1984	8	21	0.1	0.979
1984	8	22	0	0.872
1984	8	23	0	0.857
1984	8	24	0.4	0.792
1984	8	25	0	1.05
1984	8	26	0	0.79
1984	8	27	0	0.699
1984	8	28	73.5	1.26
1984	8	29	2	3.08
1984	8	30	0.1	3.31
1984	8	31	0	2.09
1984	9	1	0.1	1.53
1984	9	2	0	1.21
1984	9	3	0	0.991
1984	9	4	0	0.87
1984	9	5	0.1	0.778
1984	9	6	0.5	0.699
1984	9	7	0	0.69
1984	9	8	13.8	0.697
1984	9	9	37	2.5
1984	9	10	13.5	31.5
1984	9	11	0.2	18.1
1984	9	12	0	7.88
1984	9	13	7.6	4.17
1984	9	14	0	3.82
1984	9	15	0	2.76
1984	9	16	5.1	2.25
1984	9	17	0	2.62
1984	9	18	13.4	2.09
1984	9	19	1.5	2.24
1984	9	20	0	1.51
1984	9	21	0.3	1.37
1984	9	22	0.1	1.2
1984	9	23	6.7	1.19
1984	9	24	11.1	1.53
1984	9	25	10.1	7.93
1984	9	26	20.8	27.2
1984	9	27	35.7	46
1984	9	28	1.4	73.8
1984	9	29	11.2	16.6
1984	9	30	3	14.7
1984	10	1	2.4	12.6
1984	10	2	7.6	11.5
1984	10	3	0	24.6
1984	10	4	0	11
1984	10	5	0	6.88
1984	10	6	0	4.81
1984	10	7	0	3.81
1984	10	8	7.4	3.23
1984	10	9	0.1	3.27
1984	10	10	0.5	3.06
1984	10	11	14.1	2.81
1984	10	12	0	11.5
1984	10	13	0	7.76
1984	10	14	0	5.19
1984	10	15	1.1	4
1984	10	16	0	3.4
1984	10	17	0	2.86
1984	10	18	0	2.35
1984	10	19	0	2
1984	10	20	0	1.69
1984	10	21	0	1.52
1984	10	22	0	1.44
1984	10	23	0	1.32
1984	10	24	0	1.11
1984	10	25	0	1.08
1984	10	26	0	1.02
1984	10	27	0	0.884
1984	10	28	0	0.857
1984	10	29	0	0.78
1984	10	30	0.2	0.77
1984	10	31	0.2	0.77
1984	11	1	0	0.77
1984	11	2	0	0.77
1984	11	3	0	0.752
1984	11	4	0	0.694
1984	11	5	0	0.69
1984	11	6	0	0.69
1984	11	7	0	0.69
1984	11	8	2.9	0.67
1984	11	9	16.2	0.687
1984	11	10	9.6	1.05
1984	11	11	0.4	1.41
1984	11	12	11.7	1.5
1984	11	13	9	2.57
1984	11	14	0.7	5.29
1984	11	15	0	4.35
1984	11	16	0	3.01
1984	11	17	0	2.32
1984	11	18	0	1.85
1984	11	19	0.9	1.54
1984	11	20	0	1.3
1984	11	21	0	1.17
1984	11	22	0	1.23
1984	11	23	0	1.52
1984	11	24	0	1.04
1984	11	25	1.1	0.97
1984	11	26	2.1	0.97
1984	11	27	0	0.97
1984	11	28	0	0.946
1984	11	29	0	0.866
1984	11	30	0	0.86
1984	12	1	0	0.86
1984	12	2	0	0.86
1984	12	3	0	0.84
1984	12	4	0.2	0.757
1984	12	5	0	0.694
1984	12	6	0	0.69
1984	12	7	0	0.67
1984	12	8	6.4	0.713
1984	12	9	0	0.86
1984	12	10	0.5	0.86
1984	12	11	0	0.86
1984	12	12	0	0.86
1984	12	13	5.3	0.86
1984	12	14	1.7	0.96
1984	12	15	0.5	1.26
1984	12	16	0	1.17
1984	12	17	0.1	1.09
1984	12	18	0	1.06
1984	12	19	0	0.952
1984	12	20	0	0.866
1984	12	21	0	0.86
1984	12	22	0	0.84
1984	12	23	0	0.775
1984	12	24	0	0.752
1984	12	25	0	0.694
1984	12	26	0	0.69
1984	12	27	0	0.67
1984	12	28	0	0.605
1984	12	29	0	0.6
1984	12	30	0	0.6
1984	12	31	0	0.6
1985	1	1	0	0.6
1985	1	2	0	0.6
1985	1	3	0	0.6
1985	1	4	0	0.6
1985	1	5	0	0.587
1985	1	6	2.7	0.557
1985	1	7	0	0.597
1985	1	8	0	0.6
1985	1	9	0	0.6
1985	1	10	0	0.6
1985	1	11	0	0.587
1985	1	12	0	0.543
1985	1	13	0	0.54
1985	1	14	0	0.54
1985	1	15	0	0.54
1985	1	16	0	0.54
1985	1	17	0	0.54
1985	1	18	0	0.54
1985	1	19	0	0.54
1985	1	20	0	0.54
1985	1	21	0.2	0.54
1985	1	22	0.6	0.54
1985	1	23	5.5	0.584
1985	1	24	0	0.713
1985	1	25	0.2	0.658
1985	1	26	0	0.604
1985	1	27	0	0.6
1985	1	28	0	0.6
1985	1	29	0	0.6
1985	1	30	0	0.6
1985	1	31	0	0.6
1985	2	1	0	0.631
1985	2	2	0	0.717
1985	2	3	0	0.674
1985	2	4	0	0.67
1985	2	5	0	0.67
1985	2	6	0	0.67
1985	2	7	0.2	0.67
1985	2	8	0	0.67
1985	2	9	0	0.654
1985	2	10	0	0.604
1985	2	11	0	0.6
1985	2	12	0	0.6
1985	2	13	0	0.6
1985	2	14	0	0.6
1985	2	15	0	0.6
1985	2	16	6.1	0.616
1985	2	17	3.3	0.666
1985	2	18	0	0.67
1985	2	19	0	0.67
1985	2	20	0	0.67
1985	2	21	0	0.686
1985	2	22	0	0.736
1985	2	23	0	0.724
1985	2	24	0	0.674
1985	2	25	2.5	0.701
1985	2	26	5	0.802
1985	2	27	0	0.794
1985	2	28	0	0.759
1985	3	1	0.1	0.826
1985	3	2	0	0.915
1985	3	3	0	1
1985	3	4	0	1.09
1985	3	5	0.2	1.26
1985	3	6	1	1.64
1985	3	7	11.2	1.86
1985	3	8	1.3	2.17
1985	3	9	1.1	2.93
1985	3	10	3.9	2.97
1985	3	11	0.1	3.08
1985	3	12	0	3.68
1985	3	13	0	4.4
1985	3	14	0	4.08
1985	3	15	0	3.13
1985	3	16	0	2.48
1985	3	17	0.2	2.32
1985	3	18	0	2.31
1985	3	19	0.1	2.24
1985	3	20	0	2
1985	3	21	0	1.85
1985	3	22	0	1.75
1985	3	23	0	1.71
1985	3	24	0.2	1.59
1985	3	25	1.1	1.47
1985	3	26	0.8	1.36
1985	3	27	0	1.25
1985	3	28	1.2	1.16
1985	3	29	0	1.06
1985	3	30	0	0.974
1985	3	31	0	0.905
1985	4	1	0	0.88
1985	4	2	0	0.799
1985	4	3	0	0.728
1985	4	4	15.7	0.708
1985	4	5	1.1	1.01
1985	4	6	0	1.74
1985	4	7	0	1.81
1985	4	8	0	1.47
1985	4	9	7.7	1.31
1985	4	10	0.1	1.43
1985	4	11	0.2	1.8
1985	4	12	7.6	1.75
1985	4	13	0	2.94
1985	4	14	0	3.02
1985	4	15	0	2.38
1985	4	16	0	1.96
1985	4	17	0	1.59
1985	4	18	0	1.34
1985	4	19	0	1.18
1985	4	20	6.5	1.09
1985	4	21	0	0.999
1985	4	22	0	0.987
1985	4	23	0	0.907
1985	4	24	26.3	0.876
1985	4	25	10.6	12.5
1985	4	26	0	14.9
1985	4	27	0	6.09
1985	4	28	0	3.66
1985	4	29	0	2.64
1985	4	30	0	2
1985	5	1	0	1.59
1985	5	2	0.2	1.35
1985	5	3	0.4	1.27
1985	5	4	26.1	1.83
1985	5	5	0.8	17.7
1985	5	6	0	9.99
1985	5	7	0	5.07
1985	5	8	0	3.19
1985	5	9	0	2.59
1985	5	10	0	1.88
1985	5	11	6.5	1.75
1985	5	12	25.6	6.86
1985	5	13	0	8.66
1985	5	14	14.9	6.21
1985	5	15	0	14.9
1985	5	16	3.1	7.96
1985	5	17	1.1	6.53
1985	5	18	0	7.7
1985	5	19	0	5.73
1985	5	20	0	3.82
1985	5	21	0	2.6
1985	5	22	9	2.1
1985	5	23	0	1.71
1985	5	24	0	1.45
1985	5	25	18.1	1.24
1985	5	26	0.2	2.42
1985	5	27	0	3.81
1985	5	28	0	2.5
1985	5	29	0	1.84
1985	5	30	0.3	1.57
1985	5	31	0.1	1.34
1985	6	1	0	1.14
1985	6	2	1.4	0.912
1985	6	3	39.6	5.45
1985	6	4	5.2	28.6
1985	6	5	9.5	20.8
1985	6	6	0	18.3
1985	6	7	0	8.29
1985	6	8	0	4.65
1985	6	9	1.4	2.85
1985	6	10	0.4	2.74
1985	6	11	14.4	2.33
1985	6	12	0	4.09
1985	6	13	0	4.16
1985	6	14	0	2.59
1985	6	15	0	1.98
1985	6	16	0	1.93
1985	6	17	0	1.58
1985	6	18	0	1.25
1985	6	19	0	1.05
1985	6	20	49.3	0.989
1985	6	21	8.4	53.1
1985	6	22	0	17
1985	6	23	2	6.99
1985	6	24	0	4.88
1985	6	25	0	3.18
1985	6	26	0	2.24
1985	6	27	0	1.71
1985	6	28	0	1.43
1985	6	29	0	1.28
1985	6	30	2.1	1.02
1985	7	1	4.5	1.05
1985	7	2	0.3	1.42
1985	7	3	0	1.31
1985	7	4	0	0.979
1985	7	5	7.9	0.811
1985	7	6	0.8	2.96
1985	7	7	3	2.85
1985	7	8	0	1.69
1985	7	9	0	1.36
1985	7	10	0	1.07
1985	7	11	4.1	0.9
1985	7	12	15	3.27
1985	7	13	0	5.02
1985	7	14	0	2.12
1985	7	15	8.2	1.62
1985	7	16	0.5	1.59
1985	7	17	0	1.44
1985	7	18	0	1.08
1985	7	19	11.4	1.5
1985	7	20	0	6.03
1985	7	21	0	2.76
1985	7	22	0	1.79
1985	7	23	0	1.37
1985	7	24	1.5	1.55
1985	7	25	0	1.24
1985	7	26	13.6	1.91
1985	7	27	0	3.28
1985	7	28	0	1.51
1985	7	29	0	1.07
1985	7	30	0	0.903
1985	7	31	0	0.695
1985	8	1	0	0.55
1985	8	2	0	0.54
1985	8	3	0	0.504
1985	8	4	0	0.387
1985	8	5	0	0.327
1985	8	6	1.7	0.32
1985	8	7	0	0.322
1985	8	8	0	0.404
1985	8	9	0.6	0.389
1985	8	10	0	0.413
1985	8	11	22.6	0.539
1985	8	12	22.7	3.86
1985	8	13	0	6.85
1985	8	14	0	2.41
1985	8	15	0	1.26
1985	8	16	0	0.954
1985	8	17	0	0.771
1985	8	18	0.1	0.634
1985	8	19	0.7	0.479
1985	8	20	0	0.46
1985	8	21	0	0.46
1985	8	22	0	0.458
1985	8	23	2.5	0.391
1985	8	24	18.6	0.456
1985	8	25	25.2	0.709
1985	8	26	20.9	13.4
1985	8	27	0	14.9
1985	8	28	0	5.18
1985	8	29	0.3	2.58
1985	8	30	0	1.98
1985	8	31	1.9	1.57
1985	9	1	1.1	1.29
1985	9	2	0	1.14
1985	9	3	0	0.957
1985	9	4	15.2	0.897
1985	9	5	2.8	1.01
1985	9	6	0.1	1.84
1985	9	7	0.2	1.46
1985	9	8	0	1.19
1985	9	9	0	1.16
1985	9	10	0	1.06
1985	9	11	0	0.906
1985	9	12	3.7	0.811
1985	9	13	0	0.803
1985	9	14	7.3	0.889
1985	9	15	0	1.05
1985	9	16	0.2	1.62
1985	9	17	0	2.03
1985	9	18	0.2	1.96
1985	9	19	0	1.57
1985	9	20	10.2	1.21
1985	9	21	27.2	5.28
1985	9	22	5.6	23.2
1985	9	23	0	15.5
1985	9	24	0	6.37
1985	9	25	0	3.71
1985	9	26	0	2.57
1985	9	27	0	2.11
1985	9	28	0	1.82
1985	9	29	0	1.44
1985	9	30	0	1.19
1985	10	1	0	1.06
1985	10	2	0	0.957
1985	10	3	0	0.857
1985	10	4	0	0.798
1985	10	5	0	0.719
1985	10	6	0	0.639
1985	10	7	0	0.661
1985	10	8	0	0.668
1985	10	9	14.1	0.633
1985	10	10	0	0.79
1985	10	11	0.2	0.798
1985	10	12	6.4	0.758
1985	10	13	1.9	0.838
1985	10	14	7.3	0.894
1985	10	15	0.1	1.07
1985	10	16	13.4	1.3
1985	10	17	4.2	2.28
1985	10	18	6.9	5.07
1985	10	19	3.7	8.73
1985	10	20	0	10.5
1985	10	21	0	5.2
1985	10	22	0.8	3.17
1985	10	23	0.1	2.3
1985	10	24	0	2.09
1985	10	25	0	1.83
1985	10	26	10	1.64
1985	10	27	10.7	3.03
1985	10	28	0	11.4
1985	10	29	0	6.65
1985	10	30	15.4	4.11
1985	10	31	0	7.03
1985	11	1	0	4.8
1985	11	2	0	3.34
1985	11	3	5.2	2.56
1985	11	4	3.2	3.07
1985	11	5	0	4.66
1985	11	6	0	3.88
1985	11	7	5	3.11
1985	11	8	0	3.77
1985	11	9	0	3.32
1985	11	10	0	2.62
1985	11	11	0	2.26
1985	11	12	0	1.96
1985	11	13	0	0.17
1985	11	14	0	1.55
1985	11	15	0	1.3
1985	11	16	0	1.2
1985	11	17	0	1.12
1985	11	18	0	1.09
1985	11	19	0	1.01
1985	11	20	1.7	0.977
1985	11	21	0	0.926
1985	11	22	8.3	0.994
1985	11	23	0.7	1.02
1985	11	24	0	1.13
1985	11	25	0	1.16
1985	11	26	0	1.01
1985	11	27	0	0.977
1985	11	28	0	0.881
1985	11	29	0	0.805
1985	11	30	0	0.8
1985	12	1	0	0.78
1985	12	2	0	0.716
1985	12	3	0	0.711
1985	12	4	0	0.711
1985	12	5	0	0.693
1985	12	6	0	0.635
1985	12	7	0.2	0.63
1985	12	8	0	0.63
1985	12	9	0	0.63
1985	12	10	0	0.63
1985	12	11	0	0.63
1985	12	12	0	0.63
1985	12	13	0	0.63
1985	12	14	0	0.61
1985	12	15	0	0.545
1985	12	16	0	0.54
1985	12	17	0	0.54
1985	12	18	0	0.54
1985	12	19	0.2	0.56
1985	12	20	0.6	0.625
1985	12	21	0	0.63
1985	12	22	0	0.61
1985	12	23	0	0.545
1985	12	24	0	0.522
1985	12	25	0	0.464
1985	12	26	0	0.478
1985	12	27	0	0.536
1985	12	28	2.2	0.56
1985	12	29	8.3	0.663
1985	12	30	0	0.791
1985	12	31	0	0.8
1986	1	1	0	0.67
1986	1	2	0	0.55
1986	1	3	0	0.61
1986	1	4	0	0.55
1986	1	5	0	0.58
1986	1	6	0	0.53
1986	1	7	0	0.48
1986	1	8	0	0.47
1986	1	9	0	0.42
1986	1	10	0	0.42
1986	1	11	0	0.4
1986	1	12	0	0.35
1986	1	13	2.6	0.35
1986	1	14	0	0.35
1986	1	15	0	0.39
1986	1	16	8.8	0.53
1986	1	17	2.8	0.54
1986	1	18	0	0.69
1986	1	19	0	1.26
1986	1	20	0	1.32
1986	1	21	1.5	0.78
1986	1	22	0	0.74
1986	1	23	0	0.56
1986	1	24	0	0.53
1986	1	25	0	0.48
1986	1	26	0	0.45
1986	1	27	0	0.36
1986	1	28	0	0.37
1986	1	29	0	0.42
1986	1	30	0	0.4
1986	1	31	0	0.34
1986	2	1	0	0.31
1986	2	2	0	0.31
1986	2	3	0	0.3
1986	2	4	0	0.26
1986	2	5	0	0.28
1986	2	6	0	0.35
1986	2	7	0	0.35
1986	2	8	0	0.35
1986	2	9	0	0.37
1986	2	10	0	0.4
1986	2	11	0	0.35
1986	2	12	0.3	0.35
1986	2	13	0	0.37
1986	2	14	0	0.42
1986	2	15	2.2	0.42
1986	2	16	3	0.42
1986	2	17	0	0.42
1986	2	18	0	0.42
1986	2	19	0	0.42
1986	2	20	0	0.42
1986	2	21	0	0.42
1986	2	22	0	0.42
1986	2	23	0	0.42
1986	2	24	0	0.4
1986	2	25	1.1	0.35
1986	2	26	1.3	0.37
1986	2	27	0	0.4
1986	2	28	0	0.37
1986	3	1	0	0.4
1986	3	2	0	0.35
1986	3	3	0	0.35
1986	3	4	0	0.35
1986	3	5	0	0.35
1986	3	6	0	0.35
1986	3	7	0	0.34
1986	3	8	0	0.31
1986	3	9	0	0.31
1986	3	10	0	0.31
1986	3	11	0	0.3
1986	3	12	0	0.26
1986	3	13	14.7	0.34
1986	3	14	0	1.3
1986	3	15	0.1	1.84
1986	3	16	15.2	1.4
1986	3	17	0.9	1.65
1986	3	18	0	3.19
1986	3	19	0	4.98
1986	3	20	0.2	5.54
1986	3	21	0.5	4.64
1986	3	22	0	4.37
1986	3	23	0	2.39
1986	3	24	0	1.78
1986	3	25	0	1.5
1986	3	26	0	1.55
1986	3	27	0.7	2.11
1986	3	28	0	2.01
1986	3	29	1.6	1.18
1986	3	30	0	1.11
1986	3	31	0	1.09
1986	4	1	0	1.04
1986	4	2	0	1.03
1986	4	3	0	0.96
1986	4	4	0.6	0.9
1986	4	5	0	0.85
1986	4	6	0	0.8
1986	4	7	0	0.78
1986	4	8	0	0.76
1986	4	9	0	0.61
1986	4	10	0.2	0.53
1986	4	11	2.8	0.5
1986	4	12	0.5	0.54
1986	4	13	9.2	0.58
1986	4	14	0	1.07
1986	4	15	0	1.59
1986	4	16	0	1.07
1986	4	17	0	0.93
1986	4	18	0	0.83
1986	4	19	0	0.73
1986	4	20	0	0.53
1986	4	21	0	0.43
1986	4	22	0	0.45
1986	4	23	0	0.51
1986	4	24	0	0.93
1986	4	25	0	1.33
1986	4	26	23.7	0.49
1986	4	27	0.4	1.19
1986	4	28	0.4	2.06
1986	4	29	0.6	2.17
1986	4	30	0	1.09
1986	5	1	0	0.78
1986	5	2	0	0.5
1986	5	3	0	0.48
1986	5	4	0	0.42
1986	5	5	0	0.4
1986	5	6	0	0.34
1986	5	7	0	0.3
1986	5	8	0	0.25
1986	5	9	0	0.21
1986	5	10	0	0.21
1986	5	11	0	0.21
1986	5	12	1.6	0.2
1986	5	13	0	0.17
1986	5	14	0	0.16
1986	5	15	0	0.14
1986	5	16	0	0.14
1986	5	17	36.4	0.18
1986	5	18	2.3	3.68
1986	5	19	12.2	1.61
1986	5	20	10.3	5.34
1986	5	21	0	6.55
1986	5	22	0	2.76
1986	5	23	0	1.46
1986	5	24	0	1.05
1986	5	25	11.9	0.34
1986	5	26	0.2	0.91
1986	5	27	1.8	0.99
1986	5	28	0	0.96
1986	5	29	0	0.76
1986	5	30	0	0.54
1986	5	31	1.8	0.47
1986	6	1	0.5	0.42
1986	6	2	0	0.42
1986	6	3	9.2	0.43
1986	6	4	2.5	0.54
1986	6	5	15.3	0.71
1986	6	6	0.5	1.55
1986	6	7	0	1.63
1986	6	8	4.1	1.09
1986	6	9	0	0.8
1986	6	10	0	0.7
1986	6	11	0.1	0.61
1986	6	12	0	0.53
1986	6	13	0	0.47
1986	6	14	2.4	0.42
1986	6	15	52.8	15.3
1986	6	16	0	25.9
1986	6	17	0	5.97
1986	6	18	0	3.28
1986	6	19	0	1.6
1986	6	20	0	1.18
1986	6	21	0	1.01
1986	6	22	0	2.8
1986	6	23	0	1.39
1986	6	24	0	1.24
1986	6	25	0.3	1.2
1986	6	26	4.4	1.08
1986	6	27	0	1.58
1986	6	28	0	1.45
1986	6	29	0	1.06
1986	6	30	0	0.67
1986	7	1	0.9	0.52
1986	7	2	10.2	0.48
1986	7	3	26.5	0.59
1986	7	4	0	4.35
1986	7	5	0	2.66
1986	7	6	0	1.44
1986	7	7	0	0.98
1986	7	8	0	0.77
1986	7	9	24	0.69
1986	7	10	10.4	14.1
1986	7	11	0	9.62
1986	7	12	0	3.87
1986	7	13	0	2.21
1986	7	14	0	1.44
1986	7	15	3.3	1.1
1986	7	16	0	1.05
1986	7	17	0	1.04
1986	7	18	0	0.85
1986	7	19	9.2	0.76
1986	7	20	0.1	0.97
1986	7	21	0	0.95
1986	7	22	0	0.7
1986	7	23	8.7	0.58
1986	7	24	11.5	0.56
1986	7	25	0.1	0.77
1986	7	26	0	0.84
1986	7	27	0	0.71
1986	7	28	0	0.72
1986	7	29	0	0.51
1986	7	30	9.5	0.54
1986	7	31	0.1	0.96
1986	8	1	0.2	0.8
1986	8	2	0	1.71
1986	8	3	0	0.89
1986	8	4	0	0.61
1986	8	5	0.3	0.49
1986	8	6	0	0.42
1986	8	7	0	0.4
1986	8	8	0	0.38
1986	8	9	0	0.38
1986	8	10	0	0.38
1986	8	11	0	0.38
1986	8	12	0	0.36
1986	8	13	0	0.34
1986	8	14	16.4	0.36
1986	8	15	0	0.42
1986	8	16	0	0.35
1986	8	17	0	0.37
1986	8	18	22.2	0.43
1986	8	19	1.1	1.23
1986	8	20	0	0.88
1986	8	21	0	0.56
1986	8	22	0	0.47
1986	8	23	4.3	0.44
1986	8	24	1.9	0.46
1986	8	25	0.1	0.68
1986	8	26	0	0.59
1986	8	27	0	0.58
1986	8	28	0	0.52
1986	8	29	0	0.46
1986	8	30	0	0.47
1986	8	31	0	0.48
1986	9	1	0	0.48
1986	9	2	0	0.4
1986	9	3	0	0.39
1986	9	4	0	0.41
1986	9	5	0	0.42
1986	9	6	12.7	0.44
1986	9	7	28.5	0.65
1986	9	8	9.4	1.61
1986	9	9	39.3	1.65
1986	9	10	15.3	22.1
1986	9	11	1	15.6
1986	9	12	1.9	5.32
1986	9	13	0	3.24
1986	9	14	0	2.34
1986	9	15	0	1.71
1986	9	16	0	1.27
1986	9	17	0	1.01
1986	9	18	0	0.93
1986	9	19	0	0.79
1986	9	20	0	0.68
1986	9	21	0	0.55
1986	9	22	0	0.51
1986	9	23	0	0.44
1986	9	24	0	0.53
1986	9	25	0	0.52
1986	9	26	0	0.48
1986	9	27	6.6	0.48
1986	9	28	3.4	0.48
1986	9	29	0	0.48
1986	9	30	0	0.48
1986	10	1	0	0.48
1986	10	2	0	0.45
1986	10	3	0	0.42
1986	10	4	0	0.41
1986	10	5	0	0.41
1986	10	6	0	0.41
1986	10	7	0	0.42
1986	10	8	0	0.41
1986	10	9	0	0.42
1986	10	10	0	0.41
1986	10	11	0	0.41
1986	10	12	0.5	0.37
1986	10	13	0	0.35
1986	10	14	0	0.35
1986	10	15	0	0.4
1986	10	16	13.1	0.4
1986	10	17	6.8	0.5
1986	10	18	1	0.6
1986	10	19	4.5	0.53
1986	10	20	1	0.51
1986	10	21	16.5	0.63
1986	10	22	6.4	0.89
1986	10	23	0.1	1.36
1986	10	24	0.3	1.19
1986	10	25	0	0.84
1986	10	26	0	0.78
1986	10	27	17.4	0.78
1986	10	28	0.7	1.33
1986	10	29	0	1.31
1986	10	30	2.1	1
1986	10	31	0	0.9
1986	11	1	0	0.85
1986	11	2	0	0.7
1986	11	3	0	0.63
1986	11	4	0	0.62
1986	11	5	7.5	0.66
1986	11	6	0	0.83
1986	11	7	7.4	0.97
1986	11	8	0	0.95
1986	11	9	0	1.08
1986	11	10	0.5	0.98
1986	11	11	0	0.82
1986	11	12	0	0.56
1986	11	13	1.1	0.56
1986	11	14	0	0.59
1986	11	15	0	0.49
1986	11	16	0	0.48
1986	11	17	0	0.45
1986	11	18	0.5	0.37
1986	11	19	0	0.39
1986	11	20	0	0.32
1986	11	21	0	0.31
1986	11	22	0	0.31
1986	11	23	0	0.3
1986	11	24	0	0.28
1986	11	25	0	0.35
1986	11	26	0.1	0.34
1986	11	27	0	0.3
1986	11	28	0	0.25
1986	11	29	0	0.21
1986	11	30	0	0.21
1986	12	1	0	0.21
1986	12	2	0	0.23
1986	12	3	0	0.3
1986	12	4	0	0.25
1986	12	5	0	0.21
1986	12	6	0	0.2
1986	12	7	0	0.17
1986	12	8	0	0.17
1986	12	9	0	0.17
1986	12	10	0	0.17
1986	12	11	0	0.17
1986	12	12	0.6	0.17
1986	12	13	0	0.17
1986	12	14	0.2	0.17
1986	12	15	21.1	0.19
1986	12	16	0.4	0.28
1986	12	17	0.5	0.35
1986	12	18	0	0.38
1986	12	19	0	0.47
1986	12	20	0	0.45
1986	12	21	0	0.35
1986	12	22	0	0.31
1986	12	23	0	0.31
1986	12	24	0	0.31
1986	12	25	0	0.31
1986	12	26	0.4	0.32
1986	12	27	0	0.34
1986	12	28	0	0.32
1986	12	29	0	0.34
1986	12	30	0	0.34
1986	12	31	0	0.41
1987	1	1	2.1	0.42
1987	1	2	0	0.46
1987	1	3	0	0.45
1987	1	4	0	0.41
1987	1	5	0.1	0.4
1987	1	6	0	0.35
1987	1	7	0	0.32
1987	1	8	0	0.36
1987	1	9	0	0.36
1987	1	10	0	0.36
1987	1	11	0	0.36
1987	1	12	0	0.36
1987	1	13	0	0.36
1987	1	14	0	0.37
1987	1	15	0.4	0.41
1987	1	16	0	0.4
1987	1	17	3.3	0.37
1987	1	18	7.3	0.42
1987	1	19	0	0.46
1987	1	20	0	0.53
1987	1	21	0	0.47
1987	1	22	0	0.46
1987	1	23	0	0.46
1987	1	24	0	0.45
1987	1	25	0	0.41
1987	1	26	0	0.4
1987	1	27	0	0.37
1987	1	28	0	0.41
1987	1	29	0	0.41
1987	1	30	0	0.4
1987	1	31	0	0.35
1987	2	1	0	0.3
1987	2	2	0	0.27
1987	2	3	0	0.27
1987	2	4	0	0.29
1987	2	5	0	0.34
1987	2	6	0	0.28
1987	2	7	0	0.26
1987	2	8	0	0.24
1987	2	9	0	0.27
1987	2	10	3.9	0.35
1987	2	11	2.7	0.36
1987	2	12	0	0.37
1987	2	13	0.2	0.41
1987	2	14	3.1	0.41
1987	2	15	0.1	0.42
1987	2	16	0.6	0.46
1987	2	17	1.6	0.46
1987	2	18	1.4	0.47
1987	2	19	0.1	0.52
1987	2	20	0.5	0.51
1987	2	21	0	0.46
1987	2	22	0	0.46
1987	2	23	0	0.47
1987	2	24	0	0.52
1987	2	25	0	0.51
1987	2	26	0	0.48
1987	2	27	0	0.5
1987	2	28	0	0.46
1987	3	1	0	0.45
1987	3	2	0	0.41
1987	3	3	0	0.41
1987	3	4	0	0.41
1987	3	5	0	0.4
1987	3	6	0	0.36
1987	3	7	0	0.36
1987	3	8	4.3	0.36
1987	3	9	6	0.35
1987	3	10	0	0.35
1987	3	11	0.4	0.45
1987	3	12	0	0.46
1987	3	13	1.4	0.46
1987	3	14	0	0.47
1987	3	15	0	0.52
1987	3	16	0	0.5
1987	3	17	8.1	0.42
1987	3	18	14.9	1.08
1987	3	19	0	3.17
1987	3	20	0	2.3
1987	3	21	2.5	1.39
1987	3	22	0.5	1.03
1987	3	23	0	0.86
1987	3	24	1.7	0.76
1987	3	25	0	0.71
1987	3	26	0	0.58
1987	3	27	0.1	0.55
1987	3	28	0	0.65
1987	3	29	0	0.64
1987	3	30	3.7	0.59
1987	3	31	21.7	0.69
1987	4	1	0	1.47
1987	4	2	0	4.91
1987	4	3	0	6.12
1987	4	4	2	3.8
1987	4	5	0	2.68
1987	4	6	0	2.12
1987	4	7	0	1.61
1987	4	8	0	1.19
1987	4	9	0.1	1.03
1987	4	10	6	0.98
1987	4	11	9	1.14
1987	4	12	0	3.61
1987	4	13	0	3.38
1987	4	14	0	2.57
1987	4	15	0	2.06
1987	4	16	0	1.72
1987	4	17	0	1.36
1987	4	18	0	1.11
1987	4	19	1.7	0.91
1987	4	20	0	0.75
1987	4	21	0.1	0.83
1987	4	22	0	0.75
1987	4	23	0	0.67
1987	4	24	10.4	0.66
1987	4	25	29.6	2.17
1987	4	26	0	19.7
1987	4	27	0	6.93
1987	4	28	0	3.8
1987	4	29	0	2.53
1987	4	30	0	1.95
1987	5	1	4.2	1.6
1987	5	2	0.7	1.02
1987	5	3	0	2.14
1987	5	4	0	1.64
1987	5	5	0.9	1.38
1987	5	6	0	1.24
1987	5	7	0	1.1
1987	5	8	0	1.01
1987	5	9	0	0.91
1987	5	10	0	0.85
1987	5	11	36.4	0.94
1987	5	12	18.9	40.5
1987	5	13	0	22.7
1987	5	14	0	7.71
1987	5	15	0	4.25
1987	5	16	0	2.98
1987	5	17	0	2.17
1987	5	18	0	1.6
1987	5	19	0	1.29
1987	5	20	0	1.04
1987	5	21	0	0.94
1987	5	22	0	0.94
1987	5	23	0	0.84
1987	5	24	4.3	0.69
1987	5	25	28.7	0.77
1987	5	26	13.3	9
1987	5	27	1.2	22
1987	5	28	0	9.69
1987	5	29	0	4.89
1987	5	30	0	3.02
1987	5	31	33.9	21.5
1987	6	1	2.3	31
1987	6	2	0.3	7.47
1987	6	3	0	3.86
1987	6	4	0.1	2.59
1987	6	5	4.4	2
1987	6	6	7.4	2.54
1987	6	7	0	4.07
1987	6	8	0	2.84
1987	6	9	0	1.97
1987	6	10	0.1	1.43
1987	6	11	9.9	1.21
1987	6	12	12.6	1.25
1987	6	13	8.3	5.41
1987	6	14	1.8	13.5
1987	6	15	0	9.25
1987	6	16	0	5.05
1987	6	17	0	3.19
1987	6	18	0.2	2.46
1987	6	19	8.2	1.86
1987	6	20	0.1	2.56
1987	6	21	0.3	2.22
1987	6	22	0	1.89
1987	6	23	0	1.7
1987	6	24	0	1.5
1987	6	25	0	1.19
1987	6	26	1	1.06
1987	6	27	15.2	1.08
1987	6	28	0	2.43
1987	6	29	0	2.24
1987	6	30	0	1.47
1987	7	1	0	1.15
1987	7	2	0	1.04
1987	7	3	1.8	0.89
1987	7	4	7.4	0.76
1987	7	5	18.1	4.13
1987	7	6	0	11
1987	7	7	3	4.02
1987	7	8	0.2	5.72
1987	7	9	0	5.94
1987	7	10	7.1	3.52
1987	7	11	4.6	2.49
1987	7	12	0	2.78
1987	7	13	0.7	2.37
1987	7	14	0	1.88
1987	7	15	0	1.32
1987	7	16	0.4	1.02
1987	7	17	9.6	1.01
1987	7	18	15.2	1.24
1987	7	19	2.5	2.57
1987	7	20	3.5	5.38
1987	7	21	0.1	5.64
1987	7	22	0	3.77
1987	7	23	0	2.45
1987	7	24	0	1.65
1987	7	25	0	1.16
1987	7	26	0	0.97
1987	7	27	0	1
1987	7	28	0	0.91
1987	7	29	0	0.77
1987	7	30	0	0.79
1987	7	31	0	0.74
1987	8	1	0	0.7
1987	8	2	0	0.63
1987	8	3	40.9	1.38
1987	8	4	1.5	1.9
1987	8	5	0	2.92
1987	8	6	2	2
1987	8	7	0	2.55
1987	8	8	0	1.62
1987	8	9	8.2	1.02
1987	8	10	0	0.83
1987	8	11	1	0.72
1987	8	12	0.2	6.18
1987	8	13	4.3	2.79
1987	8	14	0.4	2.39
1987	8	15	0	2.67
1987	8	16	0	1.82
1987	8	17	0	1.2
1987	8	18	14.6	0.98
1987	8	19	0	0.8
1987	8	20	0	0.72
1987	8	21	0	0.83
1987	8	22	9.2	0.78
1987	8	23	0.8	0.71
1987	8	24	2.3	0.77
1987	8	25	0	0.87
1987	8	26	5	0.83
1987	8	27	0	0.74
1987	8	28	0	0.7
1987	8	29	0	0.64
1987	8	30	0	0.63
1987	8	31	0	0.62
1987	9	1	0	0.53
1987	9	2	13.2	0.57
1987	9	3	13.8	0.77
1987	9	4	0.9	1.17
1987	9	5	0	0.98
1987	9	6	0	0.9
1987	9	7	0	0.81
1987	9	8	0	0.87
1987	9	9	0	0.62
1987	9	10	0	0.56
1987	9	11	0	0.53
1987	9	12	0	0.55
1987	9	13	0	0.55
1987	9	14	2.5	0.55
1987	9	15	1.7	0.56
1987	9	16	0	0.68
1987	9	17	0	0.7
1987	9	18	0	0.54
1987	9	19	0	0.52
1987	9	20	0	0.58
1987	9	21	0	0.58
1987	9	22	0	0.52
1987	9	23	0	0.51
1987	9	24	0	0.49
1987	9	25	0	0.51
1987	9	26	0	0.49
1987	9	27	0	0.45
1987	9	28	0	0.45
1987	9	29	0	0.44
1987	9	30	0	0.42
1987	10	1	0	0.42
1987	10	2	0	0.39
1987	10	3	0	0.33
1987	10	4	0	0.33
1987	10	5	0	0.31
1987	10	6	0	0.31
1987	10	7	0	0.31
1987	10	8	0	0.29
1987	10	9	0	0.29
1987	10	10	0	0.27
1987	10	11	43.6	0.41
1987	10	12	47.7	6.1
1987	10	13	0.1	9.49
1987	10	14	0	3.25
1987	10	15	0	1.98
1987	10	16	0	1.27
1987	10	17	0.5	1.11
1987	10	18	0	0.84
1987	10	19	0	0.75
1987	10	20	4	0.67
1987	10	21	0.2	0.71
1987	10	22	0	0.76
1987	10	23	0	0.79
1987	10	24	0	0.75
1987	10	25	0	0.68
1987	10	26	0	0.71
1987	10	27	0	0.61
1987	10	28	0	0.57
1987	10	29	20.2	0.6
1987	10	30	0.1	1.02
1987	10	31	2.2	1.42
1987	11	1	8.2	1.22
1987	11	2	0	1.55
1987	11	3	0	1.71
1987	11	4	1.4	2.02
1987	11	5	0	1.79
1987	11	6	0	1.29
1987	11	7	0	1.05
1987	11	8	0	0.9
1987	11	9	0	0.75
1987	11	10	0.7	0.74
1987	11	11	0	0.74
1987	11	12	0	0.74
1987	11	13	0	0.74
1987	11	14	0.2	0.72
1987	11	15	0	0.67
1987	11	16	1.9	0.64
1987	11	17	0	0.6
1987	11	18	0	0.62
1987	11	19	0	0.51
1987	11	20	0	0.52
1987	11	21	0	0.58
1987	11	22	0	0.56
1987	11	23	0	0.49
1987	11	24	0	0.45
1987	11	25	0	0.48
1987	11	26	2.9	0.45
1987	11	27	3.7	0.5
1987	11	28	0.6	0.5
1987	11	29	0	0.5
1987	11	30	0	0.5
1987	12	1	0	0.5
1987	12	2	0	0.5
1987	12	3	0	0.5
1987	12	4	0	0.5
1987	12	5	0	0.5
1987	12	6	0	0.48
1987	12	7	0	0.43
1987	12	8	0	0.43
1987	12	9	0	0.43
1987	12	10	0	0.43
1987	12	11	0	0.43
1987	12	12	0	0.43
1987	12	13	0	0.43
1987	12	14	0	0.43
1987	12	15	0	0.43
1987	12	16	0	0.43
1987	12	17	0	0.43
1987	12	18	0	0.43
1987	12	19	0	0.43
1987	12	20	0	0.4
1987	12	21	0	0.33
1987	12	22	0	0.42
1987	12	23	0	0.43
1987	12	24	0	0.4
1987	12	25	0	0.29
1987	12	26	0	0.28
1987	12	27	0	0.39
1987	12	28	0	0.32
1987	12	29	0	0.37
1987	12	30	0	0.43
