年	月	日	雨量	水位	实测流量
2011	1	1	0	24.77	0.056
2011	1	2	0.5	24.77	0.056
2011	1	3	0.5	24.77	0.056
2011	1	4	0	24.77	0.056
2011	1	5	0	24.77	0.056
2011	1	6	0	24.77	0.056
2011	1	7	0	24.77	0.056
2011	1	8	0	24.77	0.056
2011	1	9	0	24.77	0.056
2011	1	10	0	24.77	0.056
2011	1	11	0	24.77	0.056
2011	1	12	0	24.77	0.056
2011	1	13	0	24.77	0.056
2011	1	14	0	24.77	0.056
2011	1	15	0	24.77	0.056
2011	1	16	0	24.77	0.056
2011	1	17	0	24.77	0.056
2011	1	18	0	24.77	0.056
2011	1	19	0	24.77	0.056
2011	1	20	0.5	24.77	0.056
2011	1	21	0	24.77	0.056
2011	1	22	0	24.77	0.056
2011	1	23	0	24.77	0.056
2011	1	24	0	24.77	0.056
2011	1	25	0	24.77	0.056
2011	1	26	0	24.77	0.056
2011	1	27	0	24.77	0.056
2011	1	28	0	24.77	0.056
2011	1	29	0	24.77	0.056
2011	1	30	0	24.77	0.056
2011	1	31	0	24.77	0.056
2011	2	1	0	24.77	0.056
2011	2	2	0	24.77	0.056
2011	2	3	0	24.77	0.056
2011	2	4	0	24.77	0.056
2011	2	5	0	24.77	0.056
2011	2	6	0	24.77	0.056
2011	2	7	0	24.77	0.056
2011	2	8	1	24.77	0.056
2011	2	9	3.5	24.77	0.056
2011	2	10	0	24.77	0.056
2011	2	11	0	24.77	0.056
2011	2	12	0	24.77	0.056
2011	2	13	0	24.88	0.134
2011	2	14	0	24.87	0.116
2011	2	15	0	24.87	0.116
2011	2	16	0	24.82	0.072
2011	2	17	0	24.77	0.056
2011	2	18	0	24.77	0.056
2011	2	19	0	24.77	0.056
2011	2	20	0	24.77	0.056
2011	2	21	0	24.77	0.056
2011	2	22	0	24.79	0.061
2011	2	23	0	24.78	0.058
2011	2	24	0	24.77	0.056
2011	2	25	1	24.77	0.056
2011	2	26	1	24.77	0.29
2011	2	27	2	24.77	0.29
2011	2	28	1.5	24.77	0.29
2011	3	1	0	24.77	0.29
2011	3	2	0	24.77	0.29
2011	3	3	0	24.77	0.29
2011	3	4	0	24.77	0.29
2011	3	5	0	24.77	0.29
2011	3	6	1	24.77	0.29
2011	3	7	0	24.77	0.29
2011	3	8	0	24.77	0.29
2011	3	9	0	24.77	0.29
2011	3	10	0	24.77	0.29
2011	3	11	0	24.77	0.29
2011	3	12	0	24.77	0.29
2011	3	13	0	24.77	0.29
2011	3	14	1	24.77	0.29
2011	3	15	0	24.77	0.29
2011	3	16	0	24.77	0.29
2011	3	17	0	24.77	0.29
2011	3	18	0	24.77	0.29
2011	3	19	5	24.77	0.29
2011	3	20	16	24.77	0.29
2011	3	21	20	24.77	0.29
2011	3	22	0	24.91	0.227
2011	3	23	2	24.93	0.318
2011	3	24	0	24.91	0.227
2011	3	25	0	24.89	0.156
2011	3	26	0	24.88	0.394
2011	3	27	0	24.87	0.901
2011	3	28	0	24.85	0.72
2011	3	29	0	24.83	0.572
2011	3	30	0	24.82	0.511
2011	3	31	0	24.8	0.398
2011	4	1	8	24.79	0.355
2011	4	2	4.5	24.79	0.355
2011	4	3	0	24.81	0.445
2011	4	4	0	24.82	0.511
2011	4	5	0.5	24.8	0.398
2011	4	6	0	24.79	0.355
2011	4	7	0	24.79	0.355
2011	4	8	0	24.79	0.355
2011	4	9	0	24.78	0.32
2011	4	10	0	24.78	0.32
2011	4	11	6.5	24.77	0.29
2011	4	12	0	24.77	0.29
2011	4	13	0	24.77	0.29
2011	4	14	0	24.77	0.29
2011	4	15	0	24.77	0.29
2011	4	16	0	24.77	0.29
2011	4	17	0	24.77	0.29
2011	4	18	0	24.77	0.29
2011	4	19	0	24.77	0.29
2011	4	20	0	24.77	0.29
2011	4	21	0	24.77	0.29
2011	4	22	0	24.77	0.29
2011	4	23	0	24.77	0.29
2011	4	24	0	24.74	0.2
2011	4	25	0	24.74	0.2
2011	4	26	0	24.74	0.2
2011	4	27	0	24.74	0.2
2011	4	28	0	24.74	0.2
2011	4	29	0	24.73	0.181
2011	4	30	0	24.73	0.181
2011	5	1	0	24.72	0.158
2011	5	2	10	24.72	0.158
2011	5	3	0	24.72	0.158
2011	5	4	0	24.73	0.181
2011	5	5	0	24.82	0.511
2011	5	6	0	24.79	0.355
2011	5	7	0	24.82	0.511
2011	5	8	0	24.83	0.572
2011	5	9	14	24.79	0.355
2011	5	10	6.5	24.74	0.2
2011	5	11	0	24.74	0.2
2011	5	12	0	24.74	0.2
2011	5	13	0	24.74	0.2
2011	5	14	0	24.73	0.181
2011	5	15	0	24.73	0.181
2011	5	16	0	24.73	0.181
2011	5	17	0	24.73	0.181
2011	5	18	0	24.72	0.158
2011	5	19	0	24.72	0.158
2011	5	20	0	24.72	0.158
2011	5	21	18	24.72	0.158
2011	5	22	5	24.72	0.158
2011	5	23	0	24.72	0.158
2011	5	24	0	24.72	0.158
2011	5	25	0	24.72	0.158
2011	5	26	0	24.72	0.158
2011	5	27	0	24.72	0.158
2011	5	28	0.5	24.72	0.158
2011	5	29	1	24.72	0.158
2011	5	30	0.5	24.72	0.158
2011	5	31	0	24.72	0.158
2011	6	1	0	24.72	0.158
2011	6	2	0	24.72	0.158
2011	6	3	0	24.71	0.142
2011	6	4	0	24.71	0.142
2011	6	5	0	24.71	0.142
2011	6	6	0	24.71	0.142
2011	6	7	0	24.71	0.142
2011	6	8	0	24.71	0.142
2011	6	9	9	24.7	0.121
2011	6	10	0	24.7	0.121
2011	6	11	0	24.71	0.142
2011	6	12	0	24.72	0.158
2011	6	13	10.5	24.71	0.142
2011	6	14	15.5	24.71	0.142
2011	6	15	0	24.71	0.142
2011	6	16	0	24.75	0.231
2011	6	17	39.5	24.74	0.2
2011	6	18	0.5	24.77	0.29
2011	6	19	0	24.79	0.355
2011	6	20	6.5	24.85	0.72
2011	6	21	3	24.81	0.445
2011	6	22	19	24.78	0.32
2011	6	23	9	24.81	0.445
2011	6	24	0.5	25.04	1.35
2011	6	25	0	24.92	0.27
2011	6	26	4	24.85	0.72
2011	6	27	0	24.86	0.809
2011	6	28	0	24.88	0.394
2011	6	29	0	24.87	0.901
2011	6	30	0	24.82	0.511
2011	7	1	6	24.85	0.72
2011	7	2	0	24.85	0.72
2011	7	3	0.5	24.85	0.72
2011	7	4	0	24.84	0.642
2011	7	5	0	24.82	0.511
2011	7	6	13	24.77	0.29
2011	7	7	0	24.77	0.29
2011	7	8	0	24.79	0.355
2011	7	9	0	24.79	0.355
2011	7	10	0	24.77	0.29
2011	7	11	0	24.75	0.231
2011	7	12	8.5	24.75	0.231
2011	7	13	0	24.75	0.231
2011	7	14	0	24.76	0.262
2011	7	15	0	24.75	0.231
2011	7	16	0	24.75	0.231
2011	7	17	0	24.74	0.2
2011	7	18	0	24.73	0.181
2011	7	19	0	24.72	0.158
2011	7	20	0	24.71	0.142
2011	7	21	2.5	24.71	0.142
2011	7	22	0	24.74	0.2
2011	7	23	0	24.73	0.181
2011	7	24	0	24.71	0.142
2011	7	25	0	24.7	0.121
2011	7	26	38	24.7	0.121
2011	7	27	0	24.87	0.901
2011	7	28	0	24.81	0.445
2011	7	29	0	24.77	0.29
2011	7	30	0	24.75	0.231
2011	7	31	1.5	24.74	0.2
2011	8	1	24.5	24.73	0.181
2011	8	2	0	24.74	0.2
2011	8	3	0	24.75	0.231
2011	8	4	24.5	24.75	0.231
2011	8	5	22.5	24.77	0.29
2011	8	6	0	25.61	19.9
2011	8	7	0	25.15	3.5
2011	8	8	0	25.04	1.35
2011	8	9	0	24.98	0.652
2011	8	10	0	24.91	0.227
2011	8	11	0	24.89	0.156
2011	8	12	0	24.87	0.901
2011	8	13	0	24.86	0.809
2011	8	14	0	24.86	0.809
2011	8	15	0	24.77	0.29
2011	8	16	27	24.74	0.2
2011	8	17	0	24.85	0.72
2011	8	18	0	24.79	0.355
2011	8	19	0	24.76	0.262
2011	8	20	0	24.76	0.262
2011	8	21	0.5	24.75	0.231
2011	8	22	17.5	24.75	0.231
2011	8	23	0.5	24.78	0.32
2011	8	24	0	24.88	0.394
2011	8	25	0	24.84	0.642
2011	8	26	0	24.8	0.398
2011	8	27	0	24.78	0.32
2011	8	28	0	24.77	0.29
2011	8	29	0	24.75	0.231
2011	8	30	0	24.75	0.231
2011	8	31	0	24.75	0.231
2011	9	1	0	24.74	0.2
2011	9	2	0	24.74	0.2
2011	9	3	0	24.74	0.2
2011	9	4	6	24.74	0.2
2011	9	5	2	24.74	0.2
2011	9	6	4	24.74	0.2
2011	9	7	28.5	24.73	0.181
2011	9	8	5	24.95	0.431
2011	9	9	0	24.95	0.431
2011	9	10	12	24.91	0.227
2011	9	11	0	24.85	0.72
2011	9	12	0	24.83	0.572
2011	9	13	5.5	24.82	0.511
2011	9	14	23	24.89	0.156
2011	9	15	0	25.12	2.81
2011	9	16	0	25.25	6.1
2011	9	17	10.5	25.08	2.03
2011	9	18	40.5	25.12	2.81
2011	9	19	2.5	26.53	83.8
2011	9	20	0.5	25.42	11.9
2011	9	21	0	25.23	5.52
2011	9	22	0	25.12	2.81
2011	9	23	0	25.05	1.51
2011	9	24	0	24.99	0.74
2011	9	25	0	24.97	0.57
2011	9	26	0.5	24.95	0.431
2011	9	27	11	24.93	0.318
2011	9	28	10.5	24.93	0.318
2011	9	29	0	24.95	0.431
2011	9	30	0	24.96	0.497
2011	10	1	27	24.94	0.372
2011	10	2	6.5	25.14	3.27
2011	10	3	0	25.35	9.35
2011	10	4	0	25.21	4.96
2011	10	5	0	25.11	2.6
2011	10	6	0	25.06	1.68
2011	10	7	0	25.02	1.08
2011	10	8	0	24.97	0.57
2011	10	9	0	24.97	0.57
2011	10	10	2	24.93	0.318
2011	10	11	8	24.92	0.27
2011	10	12	0.5	24.94	0.372
2011	10	13	0	24.94	0.372
2011	10	14	0	24.94	0.372
2011	10	15	0	24.9375	0.3585
2011	10	16	0	24.89	0.291
2011	10	17	0	24.8725	0.77425
2011	10	18	0	24.87	0.901
2011	10	19	0	24.86	0.809
2011	10	20	0	24.86	0.809
2011	10	21	0	24.86	0.809
2011	10	22	14.5	24.86	0.809
2011	10	23	4	24.86	0.809
2011	10	24	0	24.875	0.6475
2011	10	25	0	24.89	0.156
2011	10	26	7	24.88	0.394
2011	10	27	1.5	24.88	0.394
2011	10	28	0	24.87	0.901
2011	10	29	0	24.87	0.901
2011	10	30	0	24.87	0.901
2011	10	31	0	24.87	0.901
2011	11	1	0	24.87	0.901
2011	11	2	0	24.87	0.901
2011	11	3	3.5	24.86	0.809
2011	11	4	7	24.86	0.809
2011	11	5	1	24.86	0.809
2011	11	6	15.5	24.88	0.394
2011	11	7	2.5	24.9	0.188
2011	11	8	0	25.3	7.67
2011	11	9	0	25.13	3.05
2011	11	10	0	25.07	1.85
2011	11	11	0	25.01	0.956
2011	11	12	0.5	24.93	0.318
2011	11	13	0	24.93	0.318
2011	11	14	3	24.91	0.227
2011	11	15	3.5	24.93	0.318
2011	11	16	4	24.94	0.372
2011	11	17	1	24.95	0.431
2011	11	18	0.5	24.97	0.57
2011	11	19	0	24.98	0.652
2011	11	20	0	24.97	0.57
2011	11	21	1.5	24.93	0.318
2011	11	22	0	24.95	0.431
2011	11	23	0	24.94	0.372
2011	11	24	0	24.93	0.318
2011	11	25	0	24.93	0.318
2011	11	26	0	24.93	0.318
2011	11	27	0	24.91	0.227
2011	11	28	0	24.87	0.901
2011	11	29	20.5	24.87	0.901
2011	11	30	0	24.96	0.497
2011	12	1	0.5	25.02	1.08
2011	12	2	0	24.96	0.497
2011	12	3	0	24.93	0.318
2011	12	4	4.5	24.97	0.57
2011	12	5	1	24.96	0.497
2011	12	6	4.5	24.93	0.318
2011	12	7	0	24.98	0.652
2011	12	8	0	25	0.84
2011	12	9	0	24.9883	0.727333
2011	12	10	0	24.98	0.652
2011	12	11	0	24.96	0.497
2011	12	12	0	24.947	0.4133
2011	12	13	0	24.94	0.372
2011	12	14	0	24.9317	0.327
2011	12	15	0	24.9246	0.293042
2011	12	16	0.5	24.9046	0.206042
2011	12	17	0	24.9287	0.312
2011	12	18	0	24.93	0.318
2011	12	19	0	24.9204	0.272
2011	12	20	0	24.9221	0.28
2011	12	21	0	24.9152	0.249435
2011	12	22	0	24.9158	0.252083
2011	12	23	0	24.91	0.227
2011	12	24	0	24.8904	0.338667
2011	12	25	0	24.8663	0.8665
2011	12	26	0	24.8579	0.790458
2011	12	27	0	24.85	0.72
2011	12	28	0	24.85	0.72
2011	12	29	0	24.815	0.52
2011	12	30	0	24.78	0.32
2011	12	31	0	24.78	0.32
2012	1	1	0	24.78	0.32
2012	1	2	0	24.8442	0.347167
2012	1	3	0	24.88	0.394
2012	1	4	0	24.88	0.394
2012	1	5	0	24.8763	0.584125
2012	1	6	0	24.87	0.901
2012	1	7	0	24.87	0.901
2012	1	8	0	24.8808	0.385375
2012	1	9	0	24.8792	0.481083
2012	1	10	0	24.6821	0.418667
2012	1	11	0	24.7021	0.147708
2012	1	12	0	24.7583	0.256833
2012	1	13	0.5	24.7629	0.270167
2012	1	14	1	24.7667	0.280667
2012	1	15	0	24.77	0.29
2012	1	16	0	24.77	0.29
2012	1	17	0	24.77	0.29
2012	1	18	0	24.77	0.29
2012	1	19	0.5	24.77	0.29
2012	1	20	4	24.77	0.29
2012	1	21	1.5	24.77	0.29
2012	1	22	0.5	24.7775	0.3125
2012	1	23	0.5	24.7725	0.2975
2012	1	24	1	24.7687	0.2865
2012	1	25	0	24.76	0.262
2012	1	26	0	24.7817	0.351792
2012	1	27	0	24.8717	0.675667
2012	1	28	0	24.8971	0.178667
2012	1	29	0	24.9079	0.218875
2012	1	30	0	24.91	0.227
2012	1	31	0	24.91	0.227
2012	2	1	0	24.9	0.188
2012	2	2	0	24.8558	0.541
2012	2	3	0	24.7904	0.359792
2012	2	4	0	24.7725	0.2975
2012	2	5	0	24.77	0.29
2012	2	6	0	24.77	0.29
2012	2	7	0	24.7658	0.278333
2012	2	8	0	24.76	0.2605
2012	2	9	0	24.7554	0.242708
2012	2	10	0	24.7504	0.228208
2012	2	11	0	24.75	0.227
2012	2	12	0	24.75	0.227
2012	2	13	0	24.75	0.227
2012	2	14	0	24.75	0.227
2012	2	15	0	24.75	0.227
2012	2	16	0	24.75	0.227
2012	2	17	0	24.75	0.227
2012	2	18	0	24.75	0.227
2012	2	19	0	24.7504	0.228208
2012	2	20	0	24.75	0.227
2012	2	21	0	24.7492	0.22475
2012	2	22	0	24.75	0.227
2012	2	23	0.5	24.75	0.227
2012	2	24	1	24.75	0.227
2012	2	25	0.5	24.7621	0.262333
2012	2	26	0.5	24.7629	0.264792
2012	2	27	0	24.76	0.256
2012	2	28	0	24.76	0.256
2012	2	29	0	24.755	0.2415
2012	3	1	3.5	24.7621	0.26225
2012	3	2	0.5	24.7687	0.28225
2012	3	3	1	24.77	0.286
2012	3	4	0	24.77	0.286
2012	3	5	0	24.7667	0.276
2012	3	6	0	24.76	0.256
2012	3	7	0.5	24.7562	0.245125
2012	3	8	2.5	24.7558	0.243917
2012	3	9	0	24.7596	0.254792
2012	3	10	0	24.76	0.256
2012	3	11	0	24.76	0.256
2012	3	12	0	24.7592	0.253708
2012	3	13	0	24.77	0.292471
2012	3	14	2.5	24.7712	0.290375
2012	3	15	2.5	24.8614	0.950619
2012	3	16	0	24.8633	0.875533
2012	3	17	0	24.8	0.405792
2012	3	18	0	24.79	0.36
2012	3	19	0	24.7837	0.335625
2012	3	20	0	24.8658	0.954
2012	3	21	11.5	24.915	1.4
2012	3	22	0	24.9175	1.43
2012	3	23	0	24.9171	1.425
2012	3	24	0	24.9004	1.23258
2012	3	25	0	24.8754	0.982292
2012	3	26	0	24.92	1.46
2012	3	27	0	24.9067	1.3
2012	3	28	5	24.9038	1.26833
2012	3	29	0	24.9075	1.31042
2012	3	30	0	24.9033	1.26
2012	3	31	0	24.8962	1.17875
2012	4	1	0	24.8908	1.12121
2012	4	2	0	24.8096	0.46225
2012	4	3	0	24.7779	0.314042
2012	4	4	0	24.7704	0.287458
2012	4	5	0	24.77	0.286
2012	4	6	0	24.77	0.286
2012	4	7	0	24.7617	0.26125
2012	4	8	0	24.7458	0.21575
2012	4	9	0	24.74	0.2
2012	4	10	0	24.74	0.2
2012	4	11	5	24.74	0.2
2012	4	12	5.5	24.7458	0.21575
2012	4	13	0	24.7537	0.237875
2012	4	14	0	24.7675	0.2785
2012	4	15	0	24.7533	0.236667
2012	4	16	0	24.75	0.227
2012	4	17	0	24.7417	0.2045
2012	4	18	0	24.74	0.2
2012	4	19	0.5	24.7308	0.180167
2012	4	20	3.5	24.7254	0.16975
2012	4	21	0	24.7263	0.17125
2012	4	22	0	24.73	0.178
2012	4	23	6.5	24.7363	0.192167
2012	4	24	1.5	24.7317	0.181667
2012	4	25	0	24.7608	0.258917
2012	4	26	0	24.7996	0.419458
2012	4	27	0	24.7571	0.247792
2012	4	28	0	24.7408	0.203083
2012	4	29	0	24.73	0.178
2012	4	30	6.5	24.7325	0.1835
2012	5	1	1	24.74	0.2
2012	5	2	2	24.7467	0.21825
2012	5	3	0.5	24.7542	0.239083
2012	5	4	0	24.75	0.227
2012	5	5	0	24.75	0.227
2012	5	6	3.5	24.7375	0.195333
2012	5	7	20	24.7575	0.251875
2012	5	8	0	24.825	0.582583
2012	5	9	1.5	24.8533	0.753875
2012	5	10	0	24.8146	0.482583
2012	5	11	39	24.7921	0.369167
2012	5	12	5.5	25.1158	5.97979
2012	5	13	12	25.1771	6.58917
2012	5	14	0	25.2692	9.56625
2012	5	15	0	25.1588	6.09167
2012	5	16	0	25.0567	3.62833
2012	5	17	0	25.0125	2.79708
2012	5	18	0	24.9696	2.12708
2012	5	19	0	24.9521	1.87917
2012	5	20	0	24.9346	1.64958
2012	5	21	0	24.9296	1.58458
2012	5	22	3	24.92	1.46
2012	5	23	1	24.9292	1.57917
2012	5	24	3.5	24.9208	1.47083
2012	5	25	2	24.8779	1.02846
2012	5	26	0	24.8029	0.420167
2012	5	27	0	24.7862	0.345375
2012	5	28	39	24.7746	0.302042
2012	5	29	5	25.0017	3.7165
2012	5	30	0	25.1613	6.23375
2012	5	31	1	25.0113	2.79958
2012	6	1	0	24.9263	1.54625
2012	6	2	0	24.8833	1.04033
2012	6	3	0	24.8463	0.696375
2012	6	4	0	24.8058	0.468625
2012	6	5	0.5	24.8217	0.539
2012	6	6	0	24.8037	0.42275
2012	6	7	0	24.7975	0.393
2012	6	8	0	24.7875	0.35025
2012	6	9	0	24.7737	0.299125
2012	6	10	0	24.7587	0.2525
2012	6	11	0	24.7571	0.247542
2012	6	12	0	24.75	0.227
2012	6	13	0	24.75	0.227
2012	6	14	0	24.7408	0.20225
2012	6	15	0	24.7371	0.193583
2012	6	16	0	24.7304	0.178917
2012	6	17	0	24.7317	0.181875
2012	6	18	0	24.7271	0.17325
2012	6	19	1.5	24.72	0.16
2012	6	20	0	24.7209	0.161565
2012	6	21	0	24.7254	0.16975
2012	6	22	0	24.72	0.16
2012	6	23	0	24.7167	0.154
2012	6	24	0	24.71	0.142
2012	6	25	0	24.71	0.142
2012	6	26	4	24.7138	0.14875
2012	6	27	8	24.7633	0.352917
2012	6	28	0	24.8879	1.08754
2012	6	29	5.5	24.8933	1.14667
2012	6	30	39.5	24.8962	1.17875
2012	7	1	4.5	24.9392	1.71667
2012	7	2	0	24.9496	1.84708
2012	7	3	4	24.8558	0.792542
2012	7	4	18.5	24.8704	0.944333
2012	7	5	0	25.0321	3.23667
2012	7	6	0	24.9771	2.25375
2012	7	7	0	24.8921	1.14092
2012	7	8	0	24.84	0.648958
2012	7	9	46.5	24.8062	0.438292
2012	7	10	0.5	25.5383	23.6887
2012	7	11	0	25.2475	8.84125
2012	7	12	0	25.0821	4.1775
2012	7	13	1	25.0208	2.94042
2012	7	14	0	24.9938	2.48833
2012	7	15	0	24.96	1.99
2012	7	16	0	24.9417	1.74167
2012	7	17	0	24.9279	1.56292
2012	7	18	0	24.9138	1.385
2012	7	19	0	24.9092	1.33
2012	7	20	0	24.8967	1.18379
2012	7	21	15	24.8075	0.459917
2012	7	22	0	24.955	2.75212
2012	7	23	0	24.97	2.18375
2012	7	24	0	24.8725	0.937625
2012	7	25	0.5	24.8342	0.604
2012	7	26	0	24.8246	0.542708
2012	7	27	0	24.8042	0.426708
2012	7	28	0	24.7854	0.342125
2012	7	29	0	24.77	0.286
2012	7	30	0	24.76	0.256208
2012	7	31	0	24.7504	0.228208
2012	8	1	0	24.8067	0.515208
2012	8	2	0	24.8054	0.435667
2012	8	3	0	24.7783	0.316
2012	8	4	127.5	24.7883	0.361667
2012	8	5	288.5	27.2292	193.507
2012	8	6	7.5	27.7904	231.374
2012	8	7	0	27.3	182
2012	8	8	0	27.3	182
2012	8	9	0	27.3	182
2012	8	10	0	27.3	182
2012	8	11	6	26.1571	79.93
2012	8	12	1	25.8142	34.85
2012	8	13	0.5	25.7983	33.9
2012	8	14	3	25.7942	33.6708
2012	8	15	4.5	25.7646	32.025
2012	8	16	0	25.7258	29.825
2012	8	17	0	25.6996	28.3783
2012	8	18	0	25.6787	27.3375
2012	8	19	9.5	25.7008	28.5458
2012	8	20	26.5	26.0867	36.2792
2012	8	21	8.5	26.54	36.8458
2012	8	22	0	26.1517	20.4333
2012	8	23	0	26.0033	15.625
2012	8	24	0	25.8972	12.5556
2012	8	25	0	25.8642	11.6708
2012	8	26	0	25.8258	10.7292
2012	8	27	0	25.7833	9.685
2012	8	28	0	25.7662	9.28375
2012	8	29	0	25.7496	8.92083
2012	8	30	0	25.684	7.5365
2012	8	31	1.5	25.6654	7.15375
2012	9	1	3.5	25.6592	7.02417
2012	9	2	0	25.6629	7.10125
2012	9	3	0	25.6533	6.915
2012	9	4	0	25.6321	6.49958
2012	9	5	0	25.6196	6.26208
2012	9	6	0	25.6142	6.15917
2012	9	7	29	25.6108	6.09583
2012	9	8	10.5	25.7604	9.62917
2012	9	9	0	25.9588	14.2833
2012	9	10	3.5	25.8583	11.5375
2012	9	11	40	26.1113	21.5458
2012	9	12	2	26.3612	28.8333
2012	9	13	0	26.06	17.3783
2012	9	14	0	25.9521	14.0958
2012	9	15	0	25.8954	12.5083
2012	9	16	0	25.8575	11.5125
2012	9	17	0	25.8338	10.9333
2012	9	18	0	25.8129	10.3983
2012	9	19	0	25.7692	9.37167
2012	9	20	0.5	25.765	9.26625
2012	9	21	0	25.76	9.14542
2012	9	22	0	25.7575	9.09458
2012	9	23	0	25.7583	9.10333
2012	9	24	4.5	25.7517	8.96167
2012	9	25	7.5	25.6792	7.4375
2012	9	26	3	25.6713	7.275
2012	9	27	0	25.6804	7.45875
2012	9	28	0	25.6717	7.28042
2012	9	29	0	25.6563	6.96875
2012	9	30	0	25.6462	6.775
2012	10	1	0	25.64	6.65
2012	10	2	0.5	25.635	6.555
2012	10	3	0	25.63	6.46
2012	10	4	1	25.63	6.46
2012	10	5	0	25.63	6.46
2012	10	6	0	25.6296	6.45208
2012	10	7	1.5	25.6079	6.05208
2012	10	8	1	25.57	5.36
2012	10	9	0	25.57	5.36
2012	10	10	0	25.57	5.36
2012	10	11	0	25.57	5.36
2012	10	12	0.5	25.57	5.36
2012	10	13	0	25.57	5.36
2012	10	14	0	25.57	5.36
2012	10	15	8	25.57	5.36
2012	10	16	0.5	25.57	5.36
2012	10	17	0	25.57	5.36
2012	10	18	0	25.57	5.36
2012	10	19	0	25.57	5.36
2012	10	20	0	25.57	5.36
2012	10	21	5	25.57	5.36
2012	10	22	0	25.57	5.36
2012	10	23	5.5	25.5804	5.54708
2012	10	24	0	25.5767	5.47833
2012	10	25	0	25.57	5.36
2012	10	26	0	25.57	5.36
2012	10	27	0	25.57	5.36
2012	10	28	0	25.57	5.36
2012	10	29	9.5	25.5833	5.59667
2012	10	30	0.5	25.5921	5.75292
2012	10	31	0	25.5938	5.78458
2012	11	1	0	25.5792	5.525
2012	11	2	31	25.57	5.36
2012	11	3	2	25.6208	6.30583
2012	11	4	0	25.6838	7.5425
2012	11	5	0	25.6513	6.88
2012	11	6	0	25.6258	6.38625
2012	11	7	1	25.5767	5.47917
2012	11	8	0	25.57	5.36
2012	11	9	5.5	25.57	5.36
2012	11	10	0	25.57	5.36
2012	11	11	0	25.57	5.36
2012	11	12	0	25.57	5.36
2012	11	13	0	25.57	5.36
2012	11	14	0	25.57	5.36
2012	11	15	11	25.57	5.36
2012	11	16	0	25.5713	5.3825
2012	11	17	0	25.5754	5.45708
2012	11	18	0	25.57	5.36
2012	11	19	0	25.57	5.36
2012	11	20	0	25.57	5.36
2012	11	21	0	25.57	5.36
2012	11	22	1	25.57	5.36
2012	11	23	0	25.5783	5.50917
2012	11	24	1.5	25.5729	5.41167
2012	11	25	0.5	25.6304	6.48583
2012	11	26	0	25.6577	6.99773
2012	11	27	0	25.6279	6.42917
2012	11	28	0	25.6233	6.35625
2012	11	29	0	25.6529	6.90542
2012	11	30	3	25.6496	6.84167
2012	12	1	0.5	25.65	6.85
2012	12	2	0	25.6508	6.86583
2012	12	3	0	25.6504	6.85792
2012	12	4	0	25.6525	6.8975
2012	12	5	0	25.6496	6.84167
2012	12	6	0	25.6467	6.78333
2012	12	7	0	25.6412	6.675
2012	12	8	0	25.6404	6.65833
2012	12	9	0	25.6379	6.61042
2012	12	10	0	25.64	6.65
2012	12	11	0	25.64	6.65
2012	12	12	0	25.64	6.65
2012	12	13	2	25.6487	6.82458
2012	12	14	0	25.6454	6.75692
2012	12	15	0	25.64	6.65
2012	12	16	0	25.64	6.65
2012	12	17	0.5	25.64	6.65
2012	12	18	0	25.6492	6.82974
2012	12	19	1	25.6579	6.99929
2012	12	20	0	25.6562	6.96875
2012	12	21	1	25.6512	6.87235
2012	12	22	0	25.6508	6.86583
2012	12	23	0	25.6433	6.71667
2012	12	24	0	25.64	6.65
2012	12	25	0	25.64	6.65
2012	12	26	0	25.64	6.65
2012	12	27	0	25.6396	6.64292
2012	12	28	0.5	25.6404	6.65833
2012	12	29	0	25.6375	6.6025
2012	12	30	0	25.6142	6.17417
2012	12	31	0	25.5621	5.22542
2013	1	1	0	25.56	5.19
2013	1	2	0	25.56	5.19
2013	1	3	0	25.56	5.19
2013	1	4	0	25.56	5.19
2013	1	5	0	25.5592	5.17583
2013	1	6	0	25.5533	5.07667
2013	1	7	0	25.5537	5.08375
2013	1	8	0	25.5587	5.16875
2013	1	9	0	25.5562	5.12625
2013	1	10	0	25.5546	5.09792
2013	1	11	0	25.5562	5.12625
2013	1	12	0	25.5558	5.11917
2013	1	13	0	25.555	5.105
2013	1	14	0	25.5558	5.11917
2013	1	15	0	25.5571	5.14042
2013	1	16	0	25.5575	5.1475
2013	1	17	0	25.5579	5.15458
2013	1	18	0	25.5567	5.13333
2013	1	19	1	25.5567	5.13333
2013	1	20	3	25.56	5.19
2013	1	21	0	25.56	5.19
2013	1	22	0	25.5608	5.20417
2013	1	23	0	25.5608	5.20417
2013	1	24	0	25.5424	4.90176
2013	1	25	0	25.5	4.21
2013	1	26	0	25.5	4.21
2013	1	27	0	25.5	4.21
2013	1	28	0	25.5	4.21
2013	1	29	0	25.5	4.21
2013	1	30	0	25.5	4.21
2013	1	31	0.5	25.5	4.21
2013	2	1	0	25.5	4.21
2013	2	2	0.5	25.5	4.21
2013	2	3	0	25.5	4.21
2013	2	4	0	25.5	4.21
2013	2	5	0	25.5	4.21
2013	2	6	1	25.5	4.21
2013	2	7	0	25.5	4.21
2013	2	8	0.5	25.5	4.21
2013	2	9	1	25.5	4.21
2013	2	10	0	25.5	4.21
2013	2	11	0	25.5	4.21
2013	2	12	0	25.5	4.21
2013	2	13	0	25.5	4.21
2013	2	14	0	25.5	4.21
2013	2	15	0	25.5	4.21
2013	2	16	0	25.5	4.21
2013	2	17	0.5	25.5	4.21
2013	2	18	1	25.5	4.21
2013	2	19	1	25.5	4.21
2013	2	20	0	25.5	4.21
2013	2	21	0	25.5	4.21
2013	2	22	0	25.5	4.21
2013	2	23	0	25.5	4.21
2013	2	24	0	25.5	4.21
2013	2	25	0	25.5	4.21
2013	2	26	0	25.5	4.21
2013	2	27	0	25.5004	4.21667
2013	2	28	0	25.5008	4.22333
2013	3	1	0	25.5	4.21
2013	3	2	0	25.5013	4.22958
2013	3	3	0	25.5087	4.34792
2013	3	4	0	25.5042	4.27542
2013	3	5	0	25.5017	4.23667
2013	3	6	0.5	25.5	4.21
2013	3	7	0	25.5	4.21
2013	3	8	0	25.5	4.21
2013	3	9	0	25.5	4.21
2013	3	10	0	25.5	4.21
2013	3	11	2	25.5	4.21
2013	3	12	5.5	25.5	4.21
2013	3	13	0	25.5	4.21
2013	3	14	0	25.5	4.21
2013	3	15	0	25.5	4.21
2013	3	16	16	25.5	4.21
2013	3	17	4.5	25.5	4.21
2013	3	18	0	25.5	4.21
2013	3	19	0	25.5	4.21
2013	3	20	0	25.5	4.21
2013	3	21	0	25.5	4.21
2013	3	22	0.5	25.5	4.21
2013	3	23	0	25.5	4.21
2013	3	24	0	25.5	4.21
2013	3	25	12.5	25.5	4.21
2013	3	26	0	25.5	4.21
2013	3	27	0	25.5	4.21
2013	3	28	0	25.5	4.21
2013	3	29	0	25.5	4.21
2013	3	30	0	25.5	4.21
2013	3	31	0	25.5	4.21
2013	4	1	0	25.5	4.21
2013	4	2	0	25.5	4.21
2013	4	3	0	25.5	4.21
2013	4	4	26.5	25.5	4.21
2013	4	5	3	25.5	4.21
2013	4	6	0	25.5017	4.23625
2013	4	7	0	25.5004	4.21667
2013	4	8	0	25.5	4.21
2013	4	9	0	25.5	16.74
2013	4	10	0	25.5	41.8
2013	4	11	0	25.5	41.8
2013	4	12	0	25.5	41.8
2013	4	13	0	25.5017	41.9667
2013	4	14	0	25.5	41.8
2013	4	15	0	25.5021	42.0083
2013	4	16	0	25.5	41.8
2013	4	17	0	25.5	41.8
2013	4	18	0	25.5	41.8
2013	4	19	7	25.5	41.8
2013	4	20	0	25.5	41.8
2013	4	21	0	25.5	41.8
2013	4	22	0.5	25.5	41.8
2013	4	23	0	25.5	41.8
2013	4	24	0	25.5	41.8
2013	4	25	0	25.5	41.8
2013	4	26	0	25.5	41.8
2013	4	27	0	25.5	41.8
2013	4	28	0	25.5	41.8
2013	4	29	15	25.5	41.8
2013	4	30	0	25.5	41.8
2013	5	1	0	25.5	41.8
2013	5	2	0	25.5	41.8
2013	5	3	0	25.5	41.8
2013	5	4	0	25.5	41.8
2013	5	5	6	25.5	41.8
2013	5	6	15.5	25.5	41.8
2013	5	7	2	25.5004	41.8417
2013	5	8	24.5	25.5004	41.8417
2013	5	9	0.5	25.5013	41.925
2013	5	10	0	25.5096	42.775
2013	5	11	0	25.5183	43.6458
2013	5	12	0	25.5042	42.2167
2013	5	13	0	25.5	30.9974
2013	5	14	0	25.5	0.39
2013	5	15	0	25.5	0.39
2013	5	16	0.5	25.5	0.39
2013	5	17	11.5	25.5	0.39
2013	5	18	0	25.5	0.39
2013	5	19	0	25.5	0.39
2013	5	20	0	25.5021	0.4025
2013	5	21	0	25.5	0.39
2013	5	22	2.5	25.5	0.39
2013	5	23	11	25.5	0.39
2013	5	24	3	25.5	0.39
2013	5	25	66	25.5033	0.4085
2013	5	26	1	26.0604	24.9578
2013	5	27	0	26.0158	14.35
2013	5	28	0	25.7467	3.26125
2013	5	29	6.5	25.6567	1.73917
2013	5	30	0	25.6487	1.63625
2013	5	31	0	25.6308	1.43554
2013	6	1	0	25.5621	0.785958
2013	6	2	0	25.5183	0.49175
2013	6	3	0	25.5264	0.542227
2013	6	4	0	25.5429	0.645917
2013	6	5	20	25.5239	0.52813
2013	6	6	36	25.9132	19.7138
2013	6	7	0	26.0574	17.0757
2013	6	8	0	25.7759	3.98773
2013	6	9	18.5	25.7029	2.35417
2013	6	10	2	25.8379	7.92
2013	6	11	0	25.7255	4.4315
2013	6	12	0	25.6525	2.0545
2013	6	13	0	25.6643	1.90095
2013	6	14	0	25.6332	1.47864
2013	6	15	0	25.6042	1.15595
2013	6	16	0	25.5583	0.756625
2013	6	17	0	25.5383	0.621125
2013	6	18	0	25.5208	0.506167
2013	6	19	1	25.5025	0.402583
2013	6	20	4	25.5	0.39
2013	6	21	0	25.5	0.39
2013	6	22	13.5	25.5	0.39
2013	6	23	11.5	25.5062	0.430042
2013	6	24	19.5	25.5183	0.505583
2013	6	25	0	25.7317	3.0825
2013	6	26	0	25.6492	1.67375
2013	6	27	0	25.5433	0.666708
2013	6	28	0	25.5017	0.398583
2013	6	29	0	25.5	0.39
2013	6	30	0	25.5	0.39
2013	7	1	0	25.5	0.39
2013	7	2	0	25.5	0.39
2013	7	3	0	25.5	0.39
2013	7	4	7.5	25.5	0.39
2013	7	5	1.5	25.5008	0.394583
2013	7	6	0	25.5	0.39
2013	7	7	0	25.5	0.39
2013	7	8	14	25.5446	0.979167
2013	7	9	0.5	25.525	0.561792
2013	7	10	2.5	25.5	0.39
2013	7	11	0	25.5	0.39
2013	7	12	0	25.5067	0.428667
2013	7	13	0	25.5108	0.44925
2013	7	14	0	25.5	0.39
2013	7	15	43	25.5046	0.419292
2013	7	16	0	25.973	13.0287
2013	7	17	2.5	25.6695	1.955
2013	7	18	21.5	25.5875	1.00837
2013	7	19	0.5	25.5433	0.649
2013	7	20	11.5	25.5271	0.545583
2013	7	21	0	25.5833	0.961833
2013	7	22	0	25.5612	0.77825
2013	7	23	30	25.4996	0.4485
2013	7	24	0	25.4913	0.354125
2013	7	25	0	25.5742	0.901167
2013	7	26	0	25.5771	0.9005
2013	7	27	0	25.5617	0.781875
2013	7	28	0.5	25.5575	0.75
2013	7	29	0.5	25.5425	0.643625
2013	7	30	0	25.5375	0.612417
2013	7	31	0	25.5054	0.457958
2013	8	1	16.5	25.4383	0.290958
2013	8	2	0.5	25.8946	8.08667
2013	8	3	0	25.6946	2.31333
2013	8	4	0	25.5938	1.06675
2013	8	5	0	25.5279	0.549458
2013	8	6	0	25.5133	0.4585
2013	8	7	0	25.5087	0.435417
2013	8	8	0	25.5483	0.681542
2013	8	9	0	25.5704	0.864083
2013	8	10	0	25.5533	0.75125
2013	8	11	1.5	25.5762	0.901625
2013	8	12	2.5	25.5513	0.717542
2013	8	13	0.5	25.5879	1.01858
2013	8	14	0	25.6742	1.96708
2013	8	15	0	25.5925	1.06262
2013	8	16	0	25.5433	0.651792
2013	8	17	4	25.4596	0.28325
2013	8	18	0.5	25.4158	0.2035
2013	8	19	0	25.4121	0.19675
2013	8	20	0	25.3933	0.163
2013	8	21	0	25.3757	0.131174
2013	8	22	6.5	25.3571	0.09775
2013	8	23	19.5	25.3563	0.09625
2013	8	24	44.5	25.4779	1.23796
2013	8	25	5	26.0062	13.4067
2013	8	26	0	25.8518	6.45909
2013	8	27	0	25.6574	1.7713
2013	8	28	3	25.5717	0.869458
2013	8	29	0	25.5121	0.456292
2013	8	30	0	25.4767	0.316
2013	8	31	0	25.4479	0.26125
2013	9	1	0	25.4213	0.21325
2013	9	2	0	25.4058	0.1855
2013	9	3	0	25.3912	0.15925
2013	9	4	1	25.3887	0.15475
2013	9	5	0	25.38	0.139
2013	9	6	0	25.38	0.139
2013	9	7	9	25.3742	0.1285
2013	9	8	25	25.3837	0.14575
2013	9	9	11	25.4979	0.622708
2013	9	10	0	25.7471	3.31125
2013	9	11	0	25.6838	2.10417
2013	9	12	0	25.635	1.4775
2013	9	13	0	25.5792	0.936333
2013	9	14	0	25.575	0.900125
2013	9	15	0	25.5696	0.842167
2013	9	16	0	25.5692	0.83875
2013	9	17	0	25.555	0.731708
2013	9	18	0	25.4621	0.299167
2013	9	19	0	25.4267	0.223
2013	9	20	0	25.42	0.211
2013	9	21	0	25.415	0.202
2013	9	22	0	25.41	0.193
2013	9	23	65.5	25.43	0.229
2013	9	24	5	25.7096	3.32579
2013	9	25	0	25.7888	4.39958
2013	9	26	4.5	25.6329	1.48358
2013	9	27	0.5	25.5542	0.724333
2013	9	28	0	25.5254	0.532208
2013	9	29	0	25.4917	0.360375
2013	9	30	0	25.4683	0.298
2013	10	1	0	25.4475	0.2605
2013	10	2	0	25.4312	0.23125
2013	10	3	0	25.4167	0.205
2013	10	4	0	25.41	0.193
2013	10	5	0	25.4088	0.19075
2013	10	6	0	25.3987	0.17275
2013	10	7	0	25.39	0.157
2013	10	8	0	25.39	0.157
2013	10	9	0	25.39	0.157
2013	10	10	0	25.3879	0.15325
2013	10	11	0	25.38	0.139
2013	10	12	0	25.38	0.139
2013	10	13	0	25.3758	0.1315
2013	10	14	3	25.3725	0.1255
2013	10	15	2	25.38	0.139
2013	10	16	11	25.3842	0.1465
2013	10	17	0	25.3987	0.172652
2013	10	18	0	25.4088	0.19075
2013	10	19	0	25.3921	0.16075
2013	10	20	0	25.3837	0.14575
2013	10	21	0	25.38	0.139
2013	10	22	0	25.38	0.139
2013	10	23	0	25.3775	0.1345
2013	10	24	0	25.3713	0.12325
2013	10	25	0	25.37	0.121
2013	10	26	0	25.3663	0.11425
2013	10	27	0	25.36	0.103
2013	10	28	0	25.36	0.103
2013	10	29	11	25.3629	0.10825
2013	10	30	18.5	25.3858	0.1495
2013	10	31	7	25.4988	0.488833
2013	11	1	0	25.5725	0.8645
2013	11	2	0	25.5621	0.784417
2013	11	3	0	25.5187	0.493125
2013	11	4	2	25.4792	0.322458
2013	11	5	3	25.4571	0.27775
2013	11	6	0	25.4496	0.26425
2013	11	7	1.5	25.4337	0.23575
2013	11	8	0	25.4271	0.22375
2013	11	9	2.5	25.42	0.211
2013	11	10	1	25.42	0.211
2013	11	11	1.5	25.4287	0.22675
2013	11	12	3.5	25.5104	0.553917
2013	11	13	0	25.5821	0.947958
2013	11	14	0	25.585	0.977542
2013	11	15	0	25.5805	0.931
2013	11	16	0	25.5717	0.858
2013	11	17	0	25.5696	0.841875
2013	11	18	0	25.5079	0.489542
2013	11	19	0	25.4229	0.21625
2013	11	20	0	25.4092	0.1915
2013	11	21	0	25.3983	0.172
2013	11	22	0	25.39	0.157
2013	11	23	8.5	25.39	0.157
2013	11	24	0	25.3875	0.1525
2013	11	25	0	25.3983	0.172
2013	11	26	0	25.3921	0.16075
2013	11	27	0	25.39	0.157
2013	11	28	0	25.3854	0.14875
2013	11	29	0	25.38	0.139
2013	11	30	0	25.38	0.139
2013	12	1	0	25.38	0.139
2013	12	2	0	25.3763	0.13225
2013	12	3	0	25.37	0.121
2013	12	4	0	25.37	0.121
2013	12	5	0	25.37	0.121
2013	12	6	0	25.3696	0.12025
2013	12	7	0	25.3675	0.1165
2013	12	8	0	25.3696	0.12025
2013	12	9	0	25.3613	0.10525
2013	12	10	0	25.36	0.103
2013	12	11	0	25.36	0.103
2013	12	12	0	25.36	0.103
2013	12	13	0	25.36	0.103
2013	12	14	0	25.36	0.103
2013	12	15	0	25.36	0.103
2013	12	16	0	25.36	0.103
2013	12	17	0	25.36	0.103
2013	12	18	0	25.36	0.103
2013	12	19	0	25.36	0.103
2013	12	20	0	25.36	0.103
2013	12	21	0	25.36	0.103
2013	12	22	0	25.36	0.103
2013	12	23	0	25.36	0.103
2013	12	24	0	25.36	0.103
2013	12	25	0	25.36	0.103
2013	12	26	0	25.36	0.103
2013	12	27	0	25.36	0.103
2013	12	28	0	25.3542	0.0925
2013	12	29	0	25.3508	0.0865
2013	12	30	0	25.35	0.085
2013	12	31	0	25.3504	0.08575
2014	1	1	0	25.3504	0.08575
2014	1	2	0	25.35	0.085
2014	1	3	0	25.35	0.085
2014	1	4	0	25.35	0.085
2014	1	5	0	25.3504	0.08575
2014	1	6	2.5	25.35	0.085
2014	1	7	3	25.3579	0.09925
2014	1	8	0	25.36	0.103
2014	1	9	0	25.36	0.103
2014	1	10	1.5	25.36	0.103
2014	1	11	0.5	25.36	0.103
2014	1	12	0	25.36	0.103
2014	1	13	0	25.36	0.103
2014	1	14	0	25.36	0.103
2014	1	15	0	25.36	0.103
2014	1	16	0	25.36	0.103
2014	1	17	0	25.36	0.103
2014	1	18	0	25.3596	0.10225
2014	1	19	0	25.3525	0.0895
2014	1	20	0	25.3508	0.0865
2014	1	21	0	25.35	0.085
2014	1	22	0	25.35	0.085
2014	1	23	0	25.3471	0.07975
2014	1	24	0	25.3446	0.07525
2014	1	25	0	25.3558	0.0955
2014	1	26	0	25.35	0.085
2014	1	27	0	25.35	0.085
2014	1	28	0	25.35	0.085
2014	1	29	0	25.35	0.085
2014	1	30	0	25.35	0.085
2014	1	31	0	25.3479	0.08125
2014	2	1	0	25.3454	0.07675
2014	2	2	0	25.3587	0.1006
2014	2	3	0	25.3532	0.0907273
2014	2	4	0	25.3504	0.08575
2014	2	5	0	25.35	0.085
2014	2	6	1.5	25.35	0.085
2014	2	7	6.5	25.36	0.103
2014	2	8	0.5	25.36	0.103
2014	2	9	0.5	25.3592	0.1015
2014	2	10	0	25.3667	0.115
2014	2	11	0	25.36	0.103
2014	2	12	0	25.36	0.103
2014	2	13	0	25.3529	0.09025
2014	2	14	0	25.3408	0.0685
2014	2	15	0	25.345	0.076
2014	2	16	1.5	25.3575	0.0985
2014	2	17	7	25.36	0.103
2014	2	18	3	25.37	0.121
2014	2	19	0	25.38	0.139
2014	2	20	0	25.38	0.139
2014	2	21	0	25.38	0.139
2014	2	22	0	25.3771	0.13375
2014	2	23	0	25.37	0.121
2014	2	24	1.5	25.3783	0.13587
2014	2	25	0	25.3429	0.07225
2014	2	26	0.5	24.8675	-0.771708
2014	2	27	6	25.4725	0.3055
2014	2	28	3.5	25.4983	0.393625
2014	3	1	0	25.5425	0.640125
2014	3	2	0	25.6108	1.22042
2014	3	3	0.5	25.6046	1.15583
2014	3	4	0	25.5887	1.00858
2014	3	5	6	25.5783	0.913958
2014	3	6	1.5	25.585	0.973
2014	3	7	0	25.5946	1.06087
2014	3	8	0	25.6	1.11
2014	3	9	0	25.5892	1.01138
2014	3	10	0	25.5858	0.983
2014	3	11	0	25.5817	0.944083
2014	3	12	0	25.4838	0.354833
2014	3	13	0	25.4546	0.27325
2014	3	14	0	25.437	0.241522
2014	3	15	0	25.4246	0.21925
2014	3	16	0	25.4154	0.20275
2014	3	17	0	25.4088	0.19075
2014	3	18	0	25.3917	0.16013
2014	3	19	0	25.39	0.157
2014	3	20	0	25.39	0.157
2014	3	21	0	25.3871	0.15175
2014	3	22	0	25.3725	0.1255
2014	3	23	0	25.38	0.139
2014	3	24	4	25.38	0.139
2014	3	25	0	25.3825	0.1435
2014	3	26	0	25.3808	0.1405
2014	3	27	0	25.38	0.139
2014	3	28	0	25.3796	0.13825
2014	3	29	0	25.3767	0.133
2014	3	30	3.5	25.3713	0.12325
2014	3	31	0	25.38	0.139
2014	4	1	0	25.38	0.139
2014	4	2	0	25.3675	0.1165
2014	4	3	0	25.3442	0.0745
2014	4	4	0	25.3362	0.06025
2014	4	5	0	25.3312	0.05125
2014	4	6	0	25.3496	0.08425
2014	4	7	0	25.36	0.103
2014	4	8	0	25.3592	0.1015
2014	4	9	3	25.3221	0.03525
2014	4	10	6.5	25.4438	0.278542
2014	4	11	18	25.3879	0.15325
2014	4	12	0	25.43	0.2295
2014	4	13	0	25.4842	0.332
2014	4	14	4	25.4582	0.279727
2014	4	15	3	25.44	0.247
2014	4	16	10	25.4371	0.24175
2014	4	17	0	25.5062	0.45425
2014	4	18	25.5	25.7638	8.41963
2014	4	19	0.5	26.1742	24.9708
2014	4	20	10	25.9563	10.5363
2014	4	21	1.5	25.9054	8.33458
2014	4	22	0	25.9712	11.2133
2014	4	23	0	25.8446	6.03375
2014	4	24	0	25.7708	3.77667
2014	4	25	0	25.7896	4.35625
2014	4	26	0	25.8258	5.41417
2014	4	27	0	25.7408	3.07792
2014	4	28	0	25.6875	2.13417
2014	4	29	0	25.6383	1.52458
2014	4	30	0	25.6254	1.37625
2014	5	1	0	25.6088	1.20083
2014	5	2	0	25.5912	1.03125
2014	5	3	7	25.5854	0.975542
2014	5	4	0	25.5887	1.00758
2014	5	5	0	25.5717	0.85825
2014	5	6	0	25.5579	0.755375
2014	5	7	0	25.455	0.2905
2014	5	8	0	25.4179	0.249292
2014	5	9	2	25.41	0.245
2014	5	10	16.5	25.425	0.254958
2014	5	11	0	25.5096	0.4805
2014	5	12	0	25.5358	0.607125
2014	5	13	5.5	25.4858	0.338333
2014	5	14	1.5	25.475	0.314667
2014	5	15	0	25.4604	0.285667
2014	5	16	0.5	25.4987	0.465292
2014	5	17	0	25.6762	2.08554
2014	5	18	0	25.4975	0.461542
2014	5	19	0	25.4392	0.264958
2014	5	20	0	25.42	0.250667
2014	5	21	0	25.41	0.245
2014	5	22	0	25.4071	0.244125
2014	5	23	0.5	25.3921	0.239625
2014	5	24	0	25.39	0.239
2014	5	25	0	25.3858	0.238167
2014	5	26	0	25.3783	0.236833
2014	5	27	0	25.3625	0.236
2014	5	28	0	25.3579	0.235792
2014	5	29	0	25.3533	0.235333
2014	5	30	0	25.3492	0.234917
2014	5	31	12	25.3404	0.234042
2014	6	1	0	25.3513	0.235125
2014	6	2	0	25.35	0.235
2014	6	3	0	25.3571	0.235708
2014	6	4	0	25.35	0.235
2014	6	5	0	25.34	0.234
2014	6	6	0	25.3337	0.233375
2014	6	7	0	25.3204	0.232042
2014	6	8	0	25.3308	0.233083
2014	6	9	0	25.33	0.233
2014	6	10	0	25.33	0.233
2014	6	11	0	25.33	0.233
2014	6	12	3	25.3242	0.232417
2014	6	13	3	25.33	0.233
2014	6	14	29	25.3483	0.234542
2014	6	15	4	25.3904	0.240625
2014	6	16	0	25.4525	0.28075
2014	6	17	0.5	25.4317	0.25925
2014	6	18	0	25.3987	0.241625
2014	6	19	1	25.3808	0.237208
2014	6	20	22	25.365	0.236
2014	6	21	0	25.3954	0.24175
2014	6	22	0	25.4525	0.2775
2014	6	23	0	25.43	0.25875
2014	6	24	32	25.3917	0.239708
2014	6	25	6	25.5408	1.42333
2014	6	26	0	25.7658	3.84833
2014	6	27	0	25.6133	1.2715
2014	6	28	0	25.525	0.5315
2014	6	29	0	25.485	0.339083
2014	6	30	7.5	25.4513	0.2765
2014	7	1	2.5	25.445	0.27
2014	7	2	0	25.45	0.275
2014	7	3	15	25.5258	0.646958
2014	7	4	0	25.59	1.02021
2014	7	5	0	25.5792	0.920458
2014	7	6	0	25.5467	0.677542
2014	7	7	0	25.545	0.663292
2014	7	8	0	25.5396	0.638625
2014	7	9	0	25.445	0.286792
2014	7	10	0	25.3929	0.239875
2014	7	11	36.5	25.3979	0.241368
2014	7	12	4	25.5288	0.687958
2014	7	13	1.5	25.6329	1.46708
2014	7	14	1.5	25.5458	0.672958
2014	7	15	0	25.4888	0.352708
2014	7	16	0	25.4488	0.273833
2014	7	17	0	25.4646	0.378917
2014	7	18	0.5	25.4967	0.44675
2014	7	19	3.5	25.4121	0.246042
2014	7	20	0	25.4062	0.243875
2014	7	21	0	25.3933	0.24
2014	7	22	0.5	25.3871	0.238417
2014	7	23	11.5	25.3812	0.23725
2014	7	24	0	25.4917	0.484792
2014	7	25	0	25.4475	0.27325
2014	7	26	0	25.4142	0.247667
2014	7	27	0	25.3921	0.239625
2014	7	28	0	25.3846	0.237917
2014	7	29	0	25.4775	0.429917
2014	7	30	0	25.5292	0.555
2014	7	31	0	25.4604	0.326667
2014	8	1	0	25.3825	0.237833
2014	8	2	0	25.365	0.236
2014	8	3	0	25.36	0.236
2014	8	4	0	25.36	0.236
2014	8	5	0.5	25.3692	0.237758
2014	8	6	5	25.3809	0.239763
2014	8	7	0	25.3883	0.2405
2014	8	8	0.5	25.3846	0.238458
2014	8	9	2	25.3613	0.236
2014	8	10	25.5	25.36	0.236
2014	8	11	1	25.3825	0.237542
2014	8	12	6.5	25.3921	0.239625
2014	8	13	0	25.4179	0.248958
2014	8	14	0	25.4063	0.243875
2014	8	15	0	25.3858	0.238458
2014	8	16	0	25.3782	0.236882
2014	8	17	0	25.3771	0.236708
2014	8	18	0	25.3867	0.239542
2014	8	19	0	25.3775	0.237083
2014	8	20	0	25.36	0.236
2014	8	21	0	25.357	0.235209
2014	8	22	6	25.3619	0.235084
2014	8	23	19.5	25.3679	0.236
2014	8	24	0	25.3683	0.238333
2014	8	25	0	25.4412	0.267833
2014	8	26	25.5	25.4037	0.243125
2014	8	27	12	25.415	0.249167
2014	8	28	0	25.6554	1.926
2014	8	29	9.5	25.5962	1.09462
2014	8	30	31	25.5446	0.653292
2014	8	31	9	25.8638	7.55917
2014	9	1	21	25.8733	7.32125
2014	9	2	0	26.2396	29.7375
2014	9	3	0	25.9221	9.25958
2014	9	4	0	25.7571	3.54083
2014	9	5	0	25.6583	1.75542
2014	9	6	0	25.6238	1.35833
2014	9	7	0	25.6033	1.14375
2014	9	8	0	25.5788	0.920375
2014	9	9	1.5	25.57	0.845
2014	9	10	2	25.5625	0.787917
2014	9	11	0.5	25.5483	0.678833
2014	9	12	1.5	25.4592	0.299625
2014	9	13	4	25.43	0.257
2014	9	14	4	25.43	0.257
2014	9	15	2	25.4421	0.26775
2014	9	16	0	25.5221	0.524583
2014	9	17	53.5	25.6317	1.65667
2014	9	18	13.5	26.6996	82.4821
2014	9	19	0	26.3379	39.8042
2014	9	20	0	25.9275	9.385
2014	9	21	0	25.7621	3.60917
2014	9	22	0	25.6825	2.06958
2014	9	23	0	25.6267	1.39567
2014	9	24	0	25.5633	0.794208
2014	9	25	0	25.545	0.6555
2014	9	26	8.5	25.5329	0.577792
2014	9	27	35	25.5933	1.28225
2014	9	28	20	26.4533	52.325
2014	9	29	0	26.2733	33.6708
2014	9	30	0	25.9129	8.71375
2014	10	1	20.5	25.9392	13.5142
2014	10	2	0	26.195	26.7583
2014	10	3	0	25.8837	7.515
2014	10	4	0	25.7379	3.04083
2014	10	5	0	25.6692	1.895
2014	10	6	0	25.6075	1.20054
2014	10	7	0	25.5483	0.680792
2014	10	8	0	25.5308	0.565292
2014	10	9	0	25.4625	0.312458
2014	10	10	0	25.4567	0.326417
2014	10	11	0	25.4125	0.24625
2014	10	12	0	25.3996	0.241875
2014	10	13	0	25.3808	0.237292
2014	10	14	0	25.38	0.237
2014	10	15	0.5	25.3733	0.236333
2014	10	16	1	25.37	0.236
2014	10	17	0	25.37	0.236
2014	10	18	11	25.3696	0.236
2014	10	19	25.5	25.3812	0.237625
2014	10	20	36.5	25.9804	30.9525
2014	10	21	0	26.3883	44.8
2014	10	22	0	25.9238	9.27458
2014	10	23	0	25.7558	3.46333
2014	10	24	0	25.6738	1.95458
2014	10	25	0	25.6154	1.28046
2014	10	26	0	25.55	0.692542
2014	10	27	11	25.5246	0.528208
2014	10	28	15.5	25.6546	3.10638
2014	10	29	0	25.9067	8.48917
2014	10	30	0	25.7867	4.22792
2014	10	31	0	25.7112	2.49833
2014	11	1	1.5	25.6625	1.80667
2014	11	2	0	25.6292	1.415
2014	11	3	0	25.5954	1.07158
2014	11	4	0.5	25.5421	0.637167
2014	11	5	0	25.5246	0.527417
2014	11	6	0	25.51	0.438
2014	11	7	0	25.4954	0.371208
2014	11	8	0	25.4813	0.32425
2014	11	9	0	25.4775	0.314667
2014	11	10	0	25.4767	0.313
2014	11	11	0	25.4667	0.296417
2014	11	12	0	25.3975	0.241667
2014	11	13	0	25.3829	0.237583
2014	11	14	4	25.38	0.237
2014	11	15	0	25.38	0.237
2014	11	16	0	25.38	0.237
2014	11	17	0	25.3696	0.236333
2014	11	18	0	25.36	0.236
2014	11	19	0	25.3988	0.243
2014	11	20	0	25.3613	0.236
2014	11	21	4	25.3517	0.234576
2014	11	22	10.5	25.36	0.236
2014	11	23	24.5	25.3762	0.237542
2014	11	24	8.5	25.7063	3.22758
2014	11	25	0	25.9342	9.84333
2014	11	26	2.5	25.8537	6.43125
2014	11	27	5	25.75	3.27292
2014	11	28	2	25.8546	6.36542
2014	11	29	1.5	25.8058	4.77333
2014	11	30	0	25.7733	3.85333
2014	12	1	0	25.7021	2.35333
2014	12	2	0	25.6554	1.71792
2014	12	3	0	25.6279	1.40208
2014	12	4	0	25.6008	1.12262
2014	12	5	0	25.5792	0.922208
2014	12	6	0	25.5342	0.588333
2014	12	7	0	25.505	0.432625
2014	12	8	0	25.51	0.438
2014	12	9	0	25.5025	0.402
2014	12	10	0	25.4871	0.34225
2014	12	11	0	25.4517	0.289417
2014	12	12	0	25.41	0.245
2014	12	13	0	25.4079	0.244375
2014	12	14	0	25.3987	0.241625
2014	12	15	0	25.3937	0.240125
2014	12	16	0	25.39	0.239
2014	12	17	0	25.3871	0.238417
2014	12	18	0	25.3817	0.237333
2014	12	19	0	25.38	0.237
2014	12	20	0	25.38	0.237
2014	12	21	0	25.38	0.237
2014	12	22	0	25.375	0.2365
2014	12	23	0	25.3692	0.236208
2014	12	24	0	25.37	0.236
2014	12	25	0	25.37	0.236
2014	12	26	0	25.37	0.236
2014	12	27	0	25.37	0.236
2014	12	28	0	25.3658	0.236
2014	12	29	0	25.36	0.236
2014	12	30	0	25.36	0.236
2014	12	31	0	25.36	0.236
2015	1	1	0	25.36	0.236
2015	1	2	0	25.36	0.236
2015	1	3	0	25.36	0.236
2015	1	4	0	25.36	0.236
2015	1	5	0	25.36	0.236
2015	1	6	2	25.36	0.236
2015	1	7	0	25.36	0.236
2015	1	8	0	25.36	0.236
2015	1	9	0	25.36	0.236
2015	1	10	0	25.36	0.236
2015	1	11	0	25.36	0.236
2015	1	12	0	25.36	0.236
2015	1	13	0	25.36	0.236
2015	1	14	0	25.3807	0.242736
2015	1	15	0	25.4092	0.252209
2015	1	16	0	25.4326	0.260421
2015	1	17	0	25.4379	0.263375
2015	1	18	0	25.4204	0.253875
2015	1	19	0	25.4004	0.245875
2015	1	20	0	25.43	0.257
2015	1	21	0	25.3983	0.245
2015	1	22	0	25.3691	0.233969
2015	1	23	0	25.3424	0.223878
2015	1	24	0	25.318	0.214694
2015	1	25	0	25.2958	0.206389
2015	1	26	0.5	25.2759	0.19893
2015	1	27	1	25.2581	0.192288
2015	1	28	0	25.2424	0.186431
2015	1	29	4.5	25.2286	0.18133
2015	1	30	4	25.2167	0.176954
2015	1	31	1	25.2067	0.173272
2015	2	1	0.5	25.1984	0.170254
2015	2	2	0	25.1917	0.167868
2015	2	3	0	25.1867	0.166085
2015	2	4	0	25.1831	0.164874
2015	2	5	0	25.181	0.164204
2015	2	6	0	25.1803	0.164045
2015	2	7	0	25.1808	0.164365
2015	2	8	0	25.1826	0.165135
2015	2	9	0	25.1854	0.166324
2015	2	10	0	25.1894	0.167902
2015	2	11	0	25.1943	0.169837
2015	2	12	0	25.2001	0.172099
2015	2	13	0	25.2067	0.174657
2015	2	14	3.5	25.2141	0.177482
2015	2	15	0	25.2221	0.180542
2015	2	16	0	25.2308	0.183807
2015	2	17	0	25.2399	0.187245
2015	2	18	0	25.2495	0.190828
2015	2	19	0	25.2595	0.194524
2015	2	20	2.5	25.2697	0.198301
2015	2	21	0	25.2802	0.202131
2015	2	22	1.5	25.2908	0.205982
2015	2	23	0	25.3014	0.209824
2015	2	24	0	25.312	0.213626
2015	2	25	0	25.3225	0.217357
2015	2	26	2.5	25.3329	0.220987
2015	2	27	2.5	25.343	0.224486
2015	2	28	3.5	25.3528	0.227822
2015	3	1	0	25.3621	0.230965
2015	3	2	0	25.371	0.233885
2015	3	3	0	25.3794	0.236551
2015	3	4	0.5	25.3871	0.238933
2015	3	5	0	25.3941	0.240999
2015	3	6	0	25.4003	0.242719
2015	3	7	0	25.4056	0.244063
2015	3	8	0	25.41	0.245
2015	3	9	0	25.41	0.245
2015	3	10	0	25.4029	0.242875
2015	3	11	0	25.4	0.242
2015	3	12	0	25.3753	0.2372
2015	3	13	0	25.4311	0.260474
2015	3	14	0	25.3819	0.239625
2015	3	15	0	25.3628	0.234338
2015	3	16	0	25.36	0.236
2015	3	17	21	25.36	0.236
2015	3	18	5	25.4042	0.2575
2015	3	19	10.5	25.61	1.25838
2015	3	20	0	25.7613	3.60125
2015	3	21	0	25.6833	2.085
2015	3	22	10.5	25.6133	1.25125
2015	3	23	0	25.7529	4.31
2015	3	24	2	25.7867	4.30875
2015	3	25	0.5	25.6792	2.03042
2015	3	26	0	25.6242	1.36167
2015	3	27	0	25.5846	0.97075
2015	3	28	0	25.5571	0.745625
2015	3	29	0	25.5383	0.6115
2015	3	30	0	25.5296	0.561625
2015	3	31	1.5	25.5675	0.82625
2015	4	1	9.5	25.5029	0.416417
2015	4	2	0	25.4879	0.389708
2015	4	3	4	25.5387	0.615478
2015	4	4	13	25.5617	0.785042
2015	4	5	14.5	25.8258	10.3883
2015	4	6	4	26.2342	29.1167
2015	4	7	1	26.0992	19.0958
2015	4	8	0	25.9083	8.4
2015	4	9	0	25.7846	4.19292
2015	4	10	0	25.6946	2.25083
2015	4	11	1.5	25.6308	1.435
2015	4	12	0	25.5975	1.09213
2015	4	13	0	25.5575	0.748542
2015	4	14	1	25.5388	0.614375
2015	4	15	0	25.5275	0.545
2015	4	16	0	25.5125	0.4535
2015	4	17	0	25.4933	0.373125
2015	4	18	15	25.4633	0.312917
2015	4	19	2.5	25.52	0.506375
2015	4	20	0	25.5683	0.83325
2015	4	21	0	25.5433	0.645
2015	4	22	0	25.5179	0.4865
2015	4	23	0	25.5033	0.406583
2015	4	24	0	25.4904	0.350708
2015	4	25	0	25.4629	0.29475
2015	4	26	0	25.4763	0.31275
2015	4	27	0	25.4654	0.293667
2015	4	28	0	25.46	0.285
2015	4	29	0	25.4658	0.305125
2015	4	30	0	25.3954	0.241333
2015	5	1	13	25.38	0.237083
2015	5	2	0	25.4396	0.278375
2015	5	3	0.5	25.4533	0.28
2015	5	4	1	25.4175	0.249167
2015	5	5	0	25.3996	0.241875
2015	5	6	0	25.3846	0.237917
2015	5	7	13.5	25.375	0.2365
2015	5	8	0	25.385	0.267792
2015	5	9	0	25.3875	0.281417
2015	5	10	13.5	25.3633	0.198417
2015	5	11	0	25.3567	0.179333
2015	5	12	0	25.355	0.175
2015	5	13	0	25.3675	0.215583
2015	5	14	34	25.3758	0.237833
2015	5	15	0	25.56	1.75946
2015	5	16	0.5	25.5196	1.04292
2015	5	17	8	25.4538	0.6125
2015	5	18	0	25.4475	0.5765
2015	5	19	0	25.4404	0.538458
2015	5	20	0	25.4104	0.386667
2015	5	21	0	25.3771	0.242125
2015	5	22	0	25.3529	0.169708
2015	5	23	0	25.355	0.175
2015	5	24	0	25.3437	0.14825
2015	5	25	0	25.33	0.12
2015	5	26	4	25.3375	0.1355
2015	5	27	0	25.33	0.12
2015	5	28	23.5	25.4021	0.366958
2015	5	29	3	25.5004	0.911875
2015	5	30	0	25.5375	1.15958
2015	5	31	0	25.5146	1
2015	6	1	0	25.4137	0.405875
2015	6	2	26	25.4575	0.63525
2015	6	3	11	25.5833	1.67583
2015	6	4	3	25.7742	6.62333
2015	6	5	0	25.7696	6.37292
2015	6	6	0	25.6092	1.77708
2015	6	7	0	25.5383	1.16292
2015	6	8	0	25.5329	1.12375
2015	6	9	0	25.4779	0.762333
2015	6	10	0	25.4646	0.6775
2015	6	11	0	25.4454	0.565375
2015	6	12	0	25.3963	0.336292
2015	6	13	0	25.3458	0.152833
2015	6	14	6	25.3792	0.26
2015	6	15	7	25.3704	0.224625
2015	6	16	12	25.3642	0.203958
2015	6	17	0	25.4821	0.797083
2015	6	18	0	25.4583	0.6405
2015	6	19	0	25.4458	0.567542
2015	6	20	2	25.3887	0.292167
2015	6	21	0	25.3692	0.220583
2015	6	22	0	25.3613	0.198458
2015	6	23	1.5	25.3325	0.125
2015	6	24	8	25.3367	0.136833
2015	6	25	2.5	25.34	0.140083
2015	6	26	5.5	25.3729	0.240083
2015	6	27	1.5	25.3712	0.227708
2015	6	28	0	25.3858	0.27475
2015	6	29	17	25.3775	0.246
2015	6	30	0.5	25.5804	1.64158
2015	7	1	0	25.5796	1.5
2015	7	2	0	25.5383	1.16417
2015	7	3	15.5	25.5187	1.02625
2015	7	4	0	25.7429	5.37958
2015	7	5	0	25.6221	1.91417
2015	7	6	0	25.5308	1.11417
2015	7	7	0	25.4904	0.84
2015	7	8	0	25.475	0.742083
2015	7	9	0	25.4908	0.843667
2015	7	10	0	25.46	0.6505
2015	7	11	0	25.4358	0.513917
2015	7	12	0	25.4479	0.582125
2015	7	13	0	25.4546	0.621083
2015	7	14	6	25.4346	0.50775
2015	7	15	26	25.4679	2.1445
2015	7	16	0.5	25.8	8.22625
2015	7	17	0	25.5854	1.55917
2015	7	18	2.5	25.52	1.03208
2015	7	19	0	25.5054	0.940833
2015	7	20	0	25.4633	0.696542
2015	7	21	45	25.4146	0.417333
2015	7	22	57	25.4529	0.647292
2015	7	23	14.5	25.6988	3.41708
2015	7	24	0	25.6	1.71167
2015	7	25	0	25.5221	1.04875
2015	7	26	0	25.5033	0.930417
2015	7	27	0	25.4892	0.834583
2015	7	28	0	25.4525	0.605
2015	7	29	0	25.4686	0.704095
2015	7	30	3	25.4429	0.551833
2015	7	31	0	25.4358	0.525042
2015	8	1	0.5	25.4563	1.50471
2015	8	2	0	25.6758	4.60167
2015	8	3	0	25.5075	0.964167
2015	8	4	122	25.5408	1.785
2015	8	5	1.5	26.0925	26.5588
2015	8	6	0	25.7129	3.84292
2015	8	7	0	25.5775	1.48875
2015	8	8	4.5	25.5588	1.33
2015	8	9	1	26.8308	109.987
2015	8	10	0	26.0208	21.2
2015	8	11	0.5	25.7833	6.88583
2015	8	12	0	25.7071	3.12958
2015	8	13	0	25.6725	2.45917
2015	8	14	5.5	25.6283	1.96208
2015	8	15	0	25.6188	1.86292
2015	8	16	0	25.6048	1.72667
2015	8	17	6.5	25.58	1.495
2015	8	18	80	25.7591	11.6509
2015	8	19	1.5	26.8133	89.075
2015	8	20	0	26.0425	22.6125
2015	8	21	0	25.8013	7.84917
2015	8	22	0	25.7046	3.20708
2015	8	23	0	25.6717	2.44792
2015	8	24	0	25.6504	2.20042
2015	8	25	0	25.635	2.02833
2015	8	26	0	25.6063	1.74042
2015	8	27	0	25.5988	1.67208
2015	8	28	0	25.5683	1.39708
2015	8	29	0	25.5487	1.24417
2015	8	30	0	25.5342	1.13958
2015	8	31	0	25.5104	0.968333
2015	9	1	0	25.4883	0.828333
2015	9	2	0	25.48	0.77
2015	9	3	0.5	25.4808	0.77875
2015	9	4	2	25.5175	1.02042
2015	9	5	0	25.4833	0.793333
2015	9	6	0	25.4867	0.815417
2015	9	7	0	25.4825	0.78875
2015	9	8	0	25.4688	0.7025
2015	9	9	1	25.46	0.65
2015	9	10	18.5	25.48	0.775833
2015	9	11	0.5	25.4842	0.799167
2015	9	12	0	25.4967	0.877083
2015	9	13	0	25.5029	0.92125
2015	9	14	0	25.4725	0.725
2015	9	15	0	25.46	0.65
2015	9	16	3.5	25.4571	0.6325
2015	9	17	3	25.46	0.65
2015	9	18	2.5	25.4738	0.7325
2015	9	19	0	25.4788	0.7625
2015	9	20	0	25.4771	0.7525
2015	9	21	0	25.4667	0.69
2015	9	22	2	25.46	0.65
2015	9	23	10	25.46	0.65
2015	9	24	19	25.4779	0.762917
2015	9	25	0	25.5471	1.23625
2015	9	26	0	25.5258	1.07083
2015	9	27	1.5	25.4979	0.8875
2015	9	28	2.5	25.4888	0.83125
2015	9	29	0	25.49	0.84
2015	9	30	0	25.5117	0.97875
2015	10	1	0	25.4788	0.764583
2015	10	2	0	25.4612	0.6575
2015	10	3	9.5	25.46	0.65
2015	10	4	9	25.4646	0.6775
2015	10	5	0.5	25.4771	0.7525
2015	10	6	1.5	25.48	0.77
2015	10	7	0	25.4875	0.8225
2015	10	8	11.5	25.485	0.805
2015	10	9	0	25.49	0.84
2015	10	10	0	25.4846	0.802083
2015	10	11	0	25.4779	0.7575
2015	10	12	0	25.4688	0.7025
2015	10	13	0	25.46	0.65
2015	10	14	0	25.4567	0.63
2015	10	15	0	25.45	0.59
2015	10	16	0	25.4438	0.55625
2015	10	17	0	25.4937	0.865667
2015	10	18	0	25.535	1.13958
2015	10	19	0	25.5308	1.10667
2015	10	20	0	25.52	1.03
2015	10	21	0	25.5208	1.03583
2015	10	22	0	25.5162	1.00375
2015	10	23	0	25.4692	0.71175
2015	10	24	0	25.415	0.40725
2015	10	25	1	25.4088	0.3775
2015	10	26	8.5	25.4263	0.463625
2015	10	27	0	25.4113	0.388125
2015	10	28	2.5	25.4129	0.396708
2015	10	29	0	25.388	0.320533
2015	10	30	4.5	25.3698	0.263171
2015	10	31	2.5	25.3575	0.222838
2015	11	1	0	25.3505	0.197749
2015	11	2	0	25.3481	0.186118
2015	11	3	0	25.3496	0.186162
2015	11	4	0	25.3543	0.196096
2015	11	5	0	25.3615	0.214135
2015	11	6	2.5	25.3705	0.238495
2015	11	7	5	25.3807	0.267389
2015	11	8	0	25.3913	0.299035
2015	11	9	4	25.4017	0.331647
2015	11	10	3.5	25.4111	0.363441
2015	11	11	0	25.4189	0.392631
2015	11	12	0.5	25.4244	0.417434
2015	11	13	0	25.4268	0.436064
2015	11	14	0.5	25.4256	0.446736
2015	11	15	0.5	25.42	0.447667
2015	11	16	0	25.4093	0.437071
2015	11	17	1.5	25.3896	0.388802
2015	11	18	0.5	25.3651	0.316821
2015	11	19	0	25.3397	0.23509
2015	11	20	0	25.3177	0.157568
2015	11	21	0	25.3031	0.0982181
2015	11	22	1	25.3	0.071
2015	11	23	2	25.3125	0.089875
2015	11	24	0.5	25.3046	0.0774167
2015	11	25	0	25.31	0.085
2015	11	26	0	25.3362	0.142667
2015	11	27	0	25.3583	0.189917
2015	11	28	0	25.33	0.12
2015	11	29	0	25.33	0.12
2015	11	30	0	25.3225	0.1065
2015	12	1	0	25.3196	0.101292
2015	12	2	0	25.3067	0.0803333
2015	12	3	0	25.3	0.071
2015	12	4	0	25.3	0.071
2015	12	5	0	25.2977	0.0674931
2015	12	6	0	25.3	0.071
2015	12	7	0	25.3138	0.0920417
2015	12	8	0	25.3371	0.134167
2015	12	9	0	25.34	0.14
2015	12	10	0	25.34	0.14
2015	12	11	0	25.34	0.14
2015	12	12	1.5	25.34	0.14
2015	12	13	0.5	25.3996	0.417542
2015	12	14	0	25.4825	0.7875
2015	12	15	0	25.49	0.84
2015	12	16	0	25.49	0.84
2015	12	17	0	25.4571	0.64775
2015	12	18	0	25.3675	0.212083
2015	12	19	0	25.3542	0.172833
2015	12	20	0	25.35	0.162
2015	12	21	0.5	25.35	0.162
2015	12	22	0	25.3467	0.154667
2015	12	23	0	25.34	0.14
2015	12	24	0	25.34	0.14
2015	12	25	0	25.34	0.14
2015	12	26	0	25.3333	0.126667
2015	12	27	0	25.33	0.12
2015	12	28	0	25.33	0.12
2015	12	29	0	25.33	0.12
2015	12	30	0	25.33	0.12
2015	12	31	0	25.33	0.12
2016	1	1	0	25.33	0.12
2016	1	2	0	25.33	0.12
2016	1	3	0	25.33	0.12
2016	1	4	0	25.33	0.12
2016	1	5	0	25.33	0.12
2016	1	6	0	25.33	0.12
2016	1	7	0	25.33	0.12
2016	1	8	0	25.33	0.12
2016	1	9	0	25.33	0.12
2016	1	10	4.5	25.3442	0.149583
2016	1	11	0	25.34	0.14
2016	1	12	0.5	25.34	0.14
2016	1	13	0	25.34	0.14
2016	1	14	0	25.34	0.14
2016	1	15	0	25.3333	0.126667
2016	1	16	1.5	25.33	0.12
2016	1	17	0	25.33	0.12
2016	1	18	0	25.33	0.12
2016	1	19	0	25.33	0.12
2016	1	20	0	25.33	0.12
2016	1	21	0	25.33	0.12
2016	1	22	1	25.33	0.12
2016	1	23	0	25.33	0.12
2016	1	24	0	25.33	0.12
2016	1	25	0	25.33	0.12
2016	1	26	0	25.3254	0.11175
2016	1	27	0	25.32	0.102
2016	1	28	0	25.32	0.102
2016	1	29	0	25.32	0.102
2016	1	30	0	25.32	0.102
2016	1	31	3.5	25.32	0.102
2016	2	1	1.5	25.3262	0.11325
2016	2	2	0	25.3271	0.11475
2016	2	3	0	25.33	0.12
2016	2	4	0	25.33	0.12
2016	2	5	0	25.341	0.1571
2016	2	6	0	25.388	0.3016
2016	2	7	0	25.34	0.14
2016	2	8	0	25.335	0.13
2016	2	9	0.5	25.33	0.12
2016	2	10	0	25.33	0.12
2016	2	11	0	25.33	0.12
2016	2	12	13.5	25.3321	0.124167
2016	2	13	0	25.3496	0.163217
2016	2	14	0	25.37	0.217
2016	2	15	0	25.38	0.252
2016	2	16	0	25.3674	0.211217
2016	2	17	0	25.35	0.164417
2016	2	18	0	25.3596	0.186917
2016	2	19	0	25.35	0.162
2016	2	20	0	25.35	0.162
2016	2	21	4	25.35	0.162
2016	2	22	0	25.35	0.162
2016	2	23	0	25.35	0.162
2016	2	24	0	25.3429	0.146417
2016	2	25	0	25.34	0.14
2016	2	26	0	25.34	0.14
2016	2	27	0	25.3338	0.1275
2016	2	28	0	25.33	0.12
2016	2	29	0	25.33	0.12
2016	3	1	0	25.3358	0.131667
2016	3	2	0	25.34	0.14
2016	3	3	0	25.34	0.14
2016	3	4	3	25.34	0.14
2016	3	5	0	25.34	0.14
2016	3	6	0	25.34	0.14
2016	3	7	38	25.3417	0.144125
2016	3	8	7	25.4512	0.6325
2016	3	9	1	25.6133	1.83708
2016	3	10	0	25.5913	1.59542
2016	3	11	0	25.5933	1.61042
2016	3	12	0	25.5287	1.09292
2016	3	13	0	25.5146	0.992083
2016	3	14	0	25.5042	0.925
2016	3	15	0	25.5	0.9
2016	3	16	0	25.4475	0.586417
2016	3	17	0	25.4	0.335917
2016	3	18	0	25.3787	0.253565
2016	3	19	0	25.39	0.291
2016	3	20	0	25.3858	0.27475
2016	3	21	0	25.38	0.252
2016	3	22	13.5	25.3758	0.237417
2016	3	23	0	25.3892	0.287917
2016	3	24	0	25.4065	0.365522
2016	3	25	2	25.42	0.431
2016	3	26	0	25.42	0.431
2016	3	27	0	25.42	0.431
2016	3	28	0	25.4125	0.394333
2016	3	29	0	25.4	0.334
2016	3	30	0	25.4	0.334
2016	3	31	0	25.3914	0.296864
2016	4	1	0	25.4481	0.601
2016	4	2	5	25.4879	0.825417
2016	4	3	0	25.4946	0.8675
2016	4	4	0	25.5283	1.09042
2016	4	5	13	25.5283	1.08833
2016	4	6	16	25.5588	1.54167
2016	4	7	0	25.787	7.13522
2016	4	8	0	25.6571	2.28167
2016	4	9	0	25.6183	1.85565
2016	4	10	0	25.5783	1.49083
2016	4	11	0	25.5375	1.15542
2016	4	12	0	25.52	1.03
2016	4	13	0	25.5129	0.980417
2016	4	14	0	25.5067	0.94
2016	4	15	16	25.5021	0.913333
2016	4	16	0.5	25.5233	1.05333
2016	4	17	0	25.5088	0.96
2016	4	18	0	25.4633	0.67
2016	4	19	4.5	25.4371	0.520708
2016	4	20	1	25.4291	0.478478
2016	4	21	0	25.4296	0.480833
2016	4	22	1	25.4229	0.446167
2016	4	23	0	25.4163	0.412625
2016	4	24	0	25.4158	0.410583
2016	4	25	2	25.4022	0.344435
2016	4	26	0	25.4	0.334
2016	4	27	3	25.4	0.334
2016	4	28	0	25.3921	0.299958
2016	4	29	0	25.3821	0.260125
2016	4	30	0	25.3738	0.230375
2016	5	1	0	25.365	0.2025
2016	5	2	0	25.3654	0.203708
2016	5	3	0	25.3508	0.164167
2016	5	4	0	25.35	0.162
2016	5	5	0.5	25.35	0.162
2016	5	6	0	25.35	0.162
2016	5	7	5	25.3404	0.140917
2016	5	8	0	25.34	0.14
2016	5	9	0	25.34	0.14
2016	5	10	0	25.34	0.14
2016	5	11	0	25.34	0.14
2016	5	12	0	25.335	0.13
2016	5	13	0	25.33	0.12
2016	5	14	3.5	25.33	0.12
2016	5	15	0	25.33	0.12
2016	5	16	0	25.33	0.12
2016	5	17	0	25.33	0.12
2016	5	18	0	25.33	0.12
2016	5	19	17	25.33	0.12
2016	5	20	3.5	25.3362	0.1325
2016	5	21	0	25.3663	0.207958
2016	5	22	3.5	25.3896	0.289375
2016	5	23	0	25.3858	0.27475
2016	5	24	0	25.3767	0.240333
2016	5	25	4	25.3608	0.191542
2016	5	26	3.5	25.3533	0.170667
2016	5	27	33	25.3767	0.255833
2016	5	28	0	25.5279	1.10317
2016	5	29	0	25.5425	1.195
2016	5	30	0	25.5067	0.9425
2016	5	31	9.5	25.4996	0.8975
2016	6	1	10	25.5029	0.9175
2016	6	2	8.5	25.5004	0.9025
2016	6	3	0	25.5321	1.12292
2016	6	4	6	25.5254	1.06917
2016	6	5	0	25.485	0.805
2016	6	6	2	25.4496	0.590542
2016	6	7	6.5	25.4242	0.452667
2016	6	8	0	25.41	0.382208
2016	6	9	0	25.4	0.334
2016	6	10	0	25.3862	0.276375
2016	6	11	0	25.3733	0.228667
2016	6	12	0	25.3683	0.212167
2016	6	13	0	25.3563	0.17825
2016	6	14	0	25.35	0.162
2016	6	15	0	25.35	0.162
2016	6	16	0	25.3404	0.140917
2016	6	17	0	25.34	0.14
2016	6	18	0	25.3387	0.1375
2016	6	19	0	25.33	0.12
2016	6	20	0	25.33	0.12
2016	6	21	17	25.3429	0.180583
2016	6	22	0	25.565	1.39125
2016	6	23	50	25.515	0.998333
2016	6	24	1.5	25.6696	3.01833
2016	6	25	0	25.5696	1.42083
2016	6	26	0.5	25.4933	0.857917
2016	6	27	0	25.4546	0.61875
2016	6	28	0	25.4258	0.4615
2016	6	29	0	25.4071	0.368208
2016	6	30	5	25.4129	0.410542
2016	7	1	0	25.4808	0.775833
2016	7	2	0	25.4679	0.702292
2016	7	3	0	25.4725	0.725
2016	7	4	0	25.4542	0.623667
2016	7	5	0	25.3679	0.215708
2016	7	6	0	25.35	0.162
2016	7	7	0	25.3417	0.143667
2016	7	8	0	25.34	0.14
2016	7	9	0	25.3312	0.1225
2016	7	10	0	25.33	0.12
2016	7	11	0	25.3263	0.11325
2016	7	12	0	25.32	0.102
2016	7	13	0	25.3144	0.0925556
2016	7	14	31.5	25.31	0.085
2016	7	15	0	25.3158	0.0949167
2016	7	16	0	25.3629	0.202292
2016	7	17	0	25.3758	0.237917
2016	7	18	1	25.355	0.17525
2016	7	19	117	25.7	20.7502
2016	7	20	0	25.8404	11.0404
2016	7	21	0	25.5908	1.59958
2016	7	22	0	25.5438	1.20125
2016	7	23	0	25.4992	0.8975
2016	7	24	0	25.4892	0.834167
2016	7	25	0	25.4713	0.7175
2016	7	26	17	25.4717	0.72
2016	7	27	0	25.4808	0.782417
2016	7	28	0.5	25.4629	0.66975
2016	7	29	0	25.4225	0.44425
2016	7	30	0	25.4029	0.348
2016	7	31	28	25.3921	0.299958
2016	8	1	0	25.7117	6.14517
2016	8	2	0	25.4996	0.90125
2016	8	3	5.5	25.4562	0.6275
2016	8	4	0	25.4738	0.73375
2016	8	5	0	25.4563	0.6285
2016	8	6	11.5	25.4342	0.505125
2016	8	7	113	25.4288	0.479958
2016	8	8	12	26.5017	78.2546
2016	8	9	40.5	25.8233	9.59333
2016	8	10	69.5	26.1608	36.8379
2016	8	11	0	26.5458	71.0917
2016	8	12	0	25.7967	7.87083
2016	8	13	0	25.5825	1.54458
2016	8	14	0	25.4863	0.81375
2016	8	15	0	25.405	0.366417
2016	8	16	0	25.3567	0.180083
2016	8	17	0	25.3254	0.113083
2016	8	18	0	25.3087	0.08325
2016	8	19	0	25.3	0.071
2016	8	20	0	25.2935	0.263371
2016	8	21	0	25.2891	0.645853
2016	8	22	0	25.2867	1.20394
2016	8	23	0	25.2863	1.92311
2016	8	24	0	25.2878	2.78887
2016	8	25	12.5	25.2911	3.7867
2016	8	26	0	25.2962	4.9021
2016	8	27	0	25.3029	6.12055
2016	8	28	0	25.3112	7.42754
2016	8	29	0	25.3211	8.80857
2016	8	30	0	25.3323	10.2491
2016	8	31	0	25.345	11.7347
2016	9	1	0	25.3589	13.2508
2016	9	2	0	25.3741	14.7828
2016	9	3	0	25.3904	16.3164
2016	9	4	0	25.4078	17.8369
2016	9	5	0	25.4262	19.3299
2016	9	6	0	25.4456	20.7809
2016	9	7	0	25.4658	22.1753
2016	9	8	0	25.4867	23.4987
2016	9	9	0	25.5084	24.7365
2016	9	10	0	25.5307	25.8742
2016	9	11	0	25.5535	26.8973
2016	9	12	0	25.5769	27.7913
2016	9	13	0	25.6006	28.5417
2016	9	14	0	25.6247	29.134
2016	9	15	0	25.6491	29.5537
2016	9	16	0	25.6736	29.7862
2016	9	17	0	25.6982	29.8171
2016	9	18	3	25.7229	29.6318
2016	9	19	1	25.7476	29.2159
2016	9	20	0.5	25.7721	28.5548
2016	9	21	0	25.7965	27.634
2016	9	22	0	25.8206	26.439
2016	9	23	0	25.8443	24.9553
2016	9	24	21.5	25.8677	23.1684
2016	9	25	12	25.8906	21.0638
2016	9	26	92.5	25.9129	18.6269
2016	9	27	26.5	25.9346	15.8433
2016	9	28	0	26.045	23.7017
2016	9	29	0	25.6329	6.8725
2016	9	30	0	25.46	4.25542
2016	10	1	0	25.4042	3.45292
2016	10	2	0	25.3613	2.96208
2016	10	3	0	25.2633	1.75792
2016	10	4	0	25.2258	1.2175
2016	10	5	0	25.2071	0.943167
2016	10	6	0	25.1975	0.827
2016	10	7	0.5	25.2454	1.51275
2016	10	8	0	25.2567	1.66958
2016	10	9	0	25.2662	1.8075
2016	10	10	2	25.2608	1.73077
2016	10	11	0	25.215	1.11
2016	10	12	6	25.1708	0.688333
2016	10	13	3	25.17	0.684
2016	10	14	9	25.1725	0.697
2016	10	15	0.5	25.1917	0.796667
2016	10	16	0	25.2	0.84
2016	10	17	0	25.2	0.84
2016	10	18	0	25.1946	0.811833
2016	10	19	1.5	25.1846	0.759833
2016	10	20	0.5	25.18	0.736
2016	10	21	4	25.18	0.736
2016	10	22	10	25.18	0.736
2016	10	23	20	25.2	0.8945
2016	10	24	7.5	25.4617	4.3125
2016	10	25	9	25.5238	5.20625
2016	10	26	23	25.5317	5.32667
2016	10	27	7	26.1738	35.9983
2016	10	28	12.5	25.8839	12.4652
2016	10	29	0	25.9925	19.2292
2016	10	30	9	25.7429	8.61708
2016	10	31	0	25.6696	7.41261
2016	11	1	0	25.5592	5.73417
2016	11	2	0	25.4791	4.53478
2016	11	3	0	25.4421	3.99542
2016	11	4	0	25.4217	3.69583
2016	11	5	0	25.3888	3.29375
2016	11	6	21	25.3346	2.6675
2016	11	7	10	25.5754	7.10458
2016	11	8	0	25.7212	8.26833
2016	11	9	0.5	25.5621	5.7775
2016	11	10	0	25.4879	4.6625
2016	11	11	0	25.4533	4.15833
2016	11	12	0	25.4075	3.54167
2016	11	13	0	25.3596	2.94417
2016	11	14	0	25.3367	2.69417
2016	11	15	5	25.3237	2.52792
2016	11	16	0	25.3283	2.5625
2016	11	17	1	25.3252	2.56348
2016	11	18	0	25.2871	2.09042
2016	11	19	0	25.2517	1.59458
2016	11	20	3	25.2421	1.45125
2016	11	21	3.5	25.2408	1.4325
2016	11	22	2	25.2517	1.59375
2016	11	23	4.5	25.3292	2.59333
2016	11	24	3.5	25.3758	3.11792
2016	11	25	0.5	25.3626	2.97826
2016	11	26	0	25.3792	3.15208
2016	11	27	0	25.3821	3.18292
2016	11	28	0	25.3742	3.10083
2016	11	29	1	25.365	3.00318
2016	11	30	0	25.3858	3.22417
2016	12	1	0	25.3629	2.9775
2016	12	2	0	25.2729	1.90333
2016	12	3	0	25.2604	1.72583
2016	12	4	0	25.3046	2.26917
2016	12	5	0	25.3363	2.68875
2016	12	6	0	25.3238	2.5575
2016	12	7	0	25.32	2.51958
2016	12	8	0	25.4142	3.66125
2016	12	9	0	25.2417	1.4475
2016	12	10	0	25.21	0.986
2016	12	11	0	25.2038	0.89475
2016	12	12	0	25.1983	0.831333
2016	12	13	0	25.2	0.84
2016	12	14	0	25.1954	0.816167
2016	12	15	0	25.3033	2.28875
2016	12	16	0	25.2021	0.917083
2016	12	17	0	25.1883	0.779333
2016	12	18	0	25.1813	0.7425
2016	12	19	0	25.185	0.762
2016	12	20	15	25.1829	0.751167
2016	12	21	1	25.2042	0.92775
2016	12	22	0	25.2321	1.30833
2016	12	23	0	25.2258	1.2175
2016	12	24	0.5	25.2871	2.04225
2016	12	25	2.5	25.3287	2.59042
2016	12	26	0	25.33	2.61292
2016	12	27	0	25.2512	1.58825
2016	12	28	0	25.2458	1.5085
2016	12	29	0	25.2058	0.9405
2016	12	30	0	25.19	0.788
2016	12	31	0	25.19	0.788
