年	月	日	GGF降雨（3000米站）	海螺沟流量（80.5平方千米）
2004	10	13	4.6	16.4758
2004	10	14	3.6	15.381
2004	10	15	7.2	14.6403
2004	10	16	2	14.1998
2004	10	17	1.2	16.0574
2004	10	18	1.6	14.7922
2004	10	19	0	14.4333
2004	10	20	0	13.6782
2004	10	21	7.4	12.7506
2004	10	22	1.8	11.3145
2004	10	23	2.8	11.5849
2004	10	24	1.8	10.9482
2004	10	25	12.6	10.576
2004	10	26	10.2	10.09
2004	10	27	0.2	10.09
2004	10	28	0	10.09
2004	10	29	2	10.09
2004	10	30	1.2	10.09
2004	10	31	3.8	10.1973
2004	11	1	14	10.7339
2004	11	2	0.4	10.7339
2004	11	3	0.4	10.7339
2004	11	4	3.6	10.7339
2004	11	5	9	10.7339
2004	11	6	0	11.1425
2004	11	7	1	11.3108
2004	11	8	5.2	11.0012
2004	11	9	0	10.3822
2004	11	10	10.4	10.3699
2004	11	11	1.8	10.0132
2004	11	12	4.6	10.2724
2004	11	13	0	10.3103
2004	11	14	7.6	10.0267
2004	11	15	9.2	9.0439
2004	11	16	3.6	8.3908
2004	11	17	0.2	8.4208
2004	11	18	0	8.4609
2004	11	19	1.2	8.4609
2004	11	20	0	8.4609
2004	11	21	0	7.8348
2004	11	22	0	7.8067
2004	11	23	0.4	7.8657
2004	11	24	0.8	7.7944
2004	11	25	3.6	7.5452
2004	11	26	1.6	7.4143
2004	11	27	0	7.3849
2004	11	28	0	7.4411
2004	11	29	0	7.4822
2004	11	30	0	7.3252
2004	12	1	0	7.3312
2004	12	2	0	7.3675
2004	12	3	0	7.347
2004	12	4	0	7.372
2004	12	5	0	7.444
2004	12	6	5	7.2313
2004	12	7	4	7.2313
2004	12	8	0	7.348
2004	12	9	0.4	7.2031
2004	12	10	1	7.2031
2004	12	11	0	7.2031
2004	12	12	0	7.199
2004	12	13	0	6.8263
2004	12	14	0	6.8952
2004	12	15	0	6.9701
2004	12	16	0	7.0949
2004	12	17	0	6.9713
2004	12	18	0	6.7652
2004	12	19	0	6.7652
2004	12	20	0	6.7652
2004	12	21	0	6.7652
2004	12	22	0.4	6.7652
2004	12	23	0.4	6.5774
2004	12	24	0.2	6.3897
2004	12	25	0	6.3897
2004	12	26	1	6.3544
2004	12	27	3.4	6.3292
2004	12	28	6.6	6.4208
2004	12	29	0	6.5125
2004	12	30	0.8	6.4894
2004	12	31	0.6	6.4508
2005	1	1	0.2	6.2543
2005	1	2	0	6.2395
2005	1	3	0	6.1854
2005	1	4	0	6.3067
2005	1	5	0	6.1977
2005	1	6	0	6.3194
2005	1	7	0.4	6.3583
2005	1	8	0.8	6.2717
2005	1	9	0	6.2224
2005	1	10	1.4	6.1486
2005	1	11	5	6.1791
2005	1	12	0.8	6.2246
2005	1	13	0.8	6.2394
2005	1	14	1.4	5.8373
2005	1	15	0	5.8373
2005	1	16	0	5.8373
2005	1	17	0	5.8373
2005	1	18	0	5.8373
2005	1	19	0.6	5.8828
2005	1	20	0	5.9212
2005	1	21	1	5.9212
2005	1	22	0	5.9212
2005	1	23	0	5.8608
2005	1	24	0	5.8096
2005	1	25	0	5.8096
2005	1	26	0	5.8096
2005	1	27	0	5.8096
2005	1	28	0	5.8468
2005	1	29	0	5.9212
2005	1	30	0	5.9212
2005	1	31	0	5.9025
2005	2	1	0	5.8651
2005	2	2	0.8	5.8651
2005	2	3	0	5.8651
2005	2	4	0.2	5.8651
2005	2	5	0	5.8098
2005	2	6	0	5.7545
2005	2	7	0	5.5396
2005	2	8	0	5.5396
2005	2	9	0	5.5396
2005	2	10	3	5.5396
2005	2	11	0	5.5396
2005	2	12	0	5.5396
2005	2	13	7.8	5.317
2005	2	14	1	5.3073
2005	2	15	0	5.3073
2005	2	16	0	5.3073
2005	2	17	0	5.3073
2005	2	18	0	5.3073
2005	2	19	0	5.3073
2005	2	20	0	5.3073
2005	2	21	0	5.3073
2005	2	22	12.8	5.3073
2005	2	23	0	5.3073
2005	2	24	0.4	5.3073
2005	2	25	0	5.3073
2005	2	26	0	5.3073
2005	2	27	0	5.3073
2005	2	28	0	5.3073
2005	3	1	0	5.3073
2005	3	2	0	5.3073
2005	3	3	0	5.3073
2005	3	4	6.2	5.3073
2005	3	5	6.2	5.3073
2005	3	6	14.6	5.3073
2005	3	7	13.6	5.2573
2005	3	8	2.2	5.2073
2005	3	9	0.4	5.2073
2005	3	10	0	5.2073
2005	3	11	0	5.2073
2005	3	12	4	5.2073
2005	3	13	5.8	5.2073
2005	3	14	0.2	5.2073
2005	3	15	0.2	5.2073
2005	3	16	0	5.4165
2005	3	17	1.4	5.566
2005	3	18	6	5.566
2005	3	19	0.2	5.566
2005	3	20	0.4	5.9469
2005	3	21	0.8	6.2692
2005	3	22	5	6.2692
2005	3	23	0	6.2692
2005	3	24	0	6.2692
2005	3	25	1.2	6.2692
2005	3	26	5	6.215
2005	3	27	13.8	6.151
2005	3	28	10	6.151
2005	3	29	4.8	6.151
2005	3	30	12.6	6.3805
2005	3	31	4.2	6.5748
2005	4	1	9.6	6.5748
2005	4	2	14.2	6.5748
2005	4	3	14.6	5.9575
2005	4	4	12.6	5.4351
2005	4	5	0	5.4351
2005	4	6	0.2	5.4351
2005	4	7	0	5.7365
2005	4	8	4.4	6.0927
2005	4	9	3	6.0927
2005	4	10	1.6	6.0927
2005	4	11	1	5.9789
2005	4	12	0	5.8651
2005	4	13	17.6	5.8651
2005	4	14	2.8	5.8651
2005	4	15	0	5.7319
2005	4	16	7.8	5.7343
2005	4	17	8.4	6.0328
2005	4	18	6.4	5.8287
2005	4	19	13.8	6.3184
2005	4	20	0.2	6.5824
2005	4	21	0.8	7.7323
2005	4	22	4.4	8.2561
2005	4	23	4.2	8.0781
2005	4	24	1.4	8.0274
2005	4	25	0	8.84
2005	4	26	3.8	8.8219
2005	4	27	11.4	10.4198
2005	4	28	8	10.5408
2005	4	29	1.8	13.6642
2005	4	30	0.6	13.8595
2005	5	1	11.6	14.5942
2005	5	2	11	13.7071
2005	5	3	4	14.051
2005	5	4	2	20.4962
2005	5	5	18.8	24.7862
2005	5	6	4.6	19.3622
2005	5	7	2.8	18.4389
2005	5	8	13.2	18.7004
2005	5	9	6.6	16.8475
2005	5	10	8.4	16.1233
2005	5	11	6.8	16.2954
2005	5	12	2	15.1491
2005	5	13	14.4	14.8369
2005	5	14	14.6	17.1102
2005	5	15	7.4	19.2337
2005	5	16	1.2	17.6245
2005	5	17	12.4	15.0735
2005	5	18	8.6	14.1292
2005	5	19	25.2	16.6974
2005	5	20	9.8	16.9371
2005	5	21	14.4	17.2856
2005	5	22	9.4	18.0366
2005	5	23	6.8	23.4552
2005	5	24	11.2	29.0384
2005	5	25	8.2	25.5393
2005	5	26	14.8	35.4063
2005	5	27	4	61.8982
2005	5	28	9.8	132.5944
2005	5	29	16.2	104.2712
2005	5	30	7.2	60.182
2005	5	31	5.6	80.5245
2005	6	1	31.6	0.6872
2005	6	2	0.2	1.2238
2005	6	3	0.2	1.6386
2005	6	4	1.8	78.5435
2005	6	5	17.8	33.8776
2005	6	6	29.2	19.6486
2005	6	7	18.2	26.2305
2005	6	8	0	27.5784
2005	6	9	0	33.1134
2005	6	10	0	33.907
2005	6	11	0	34.4475
2005	6	12	0	40.0334
2005	6	13	0	36.2666
2005	6	14	0	34.2172
2005	6	15	0	44.406
2005	6	16	0	56.433
2005	6	17	0	46.3858
2005	6	18	0	37.1966
2005	6	19	0	40.4851
2005	6	20	0	56.1715
2005	6	21	0	53.9594
2005	6	22	0	36.7962
2005	6	23	0	35.5152
2005	6	24	0	38.45
2005	6	25	0	37.4737
2005	6	26	0	32.6554
2005	6	27	0	34.4499
2005	6	28	0	46.5035
2005	6	29	0	40.2689
2005	6	30	0	35.8773
2005	7	1	0	32.8923
2005	7	2	0	32.6204
2005	7	3	0	40.3072
2005	7	4	0	53.5566
2005	7	5	0	58.955
2005	7	6	0	68.1334
2005	7	7	0	61.7174
2005	7	8	0	58.631
2005	7	9	0	45.7065
2005	7	10	0	44.8244
2005	7	11	0	35.7293
2005	7	12	0	27.9943
2005	7	13	0	27.8719
2005	7	14	0	31.792
2005	7	15	6.8	30.6135
2005	7	16	4.4	32.0466
2005	7	17	0	37.1634
2005	7	18	15	39.4848
2005	7	19	22.8	42.3169
2005	7	20	15	38.708
2005	7	21	17.6	43.7234
2005	7	22	2.4	38.7055
2005	7	23	0.6	35.9779
2005	7	24	0	40.5433
2005	7	25	0.4	41.1863
2005	7	26	10.6	48.185
2005	7	27	1.8	52.496
2005	7	28	0	63.9284
2005	7	29	12.6	56.4834
2005	7	30	7.4	72.1073
2005	7	31	31.6	84.1441
2005	8	1	19	84.4597
2005	8	2	7	81.8198
2005	8	3	4.8	79.3065
2005	8	4	0	69.0255
2005	8	5	20	75.5667
2005	8	6	6.6	49.9653
2005	8	7	25.4	46.534
2005	8	8	18.2	57.668
2005	8	9	14.8	65.4982
2005	8	10	8.4	53.8327
2005	8	11	17.4	58.6351
2005	8	12	0	63.4806
2005	8	13	0	66.0496
2005	8	14	0	54.0091
2005	8	15	0.8	45.1715
2005	8	16	18	48.6084
2005	8	17	9.2	45.596
2005	8	18	5.8	46.9915
2005	8	19	4.6	48.2729
2005	8	20	17.2	50.4512
2005	8	21	9.4	44.8726
2005	8	22	12.2	49.1944
2005	8	23	13	46.9725
2005	8	24	2.2	38.8389
2005	8	25	22.4	43.7194
2005	8	26	24.6	48.1275
2005	8	27	5.6	44.7093
2005	8	28	2	46.0668
2005	8	29	3.8	44.2916
2005	8	30	0.2	38.4622
2005	8	31	1.4	39.3641
2005	9	1	34.6	42.1073
2005	9	2	12.6	40.0158
2005	9	3	0	35.2231
2005	9	4	0.2	33.1516
2005	9	5	29.4	36.0837
2005	9	6	15.6	34.0532
2005	9	7	7.8	30.4033
2005	9	8	0.2	28.2769
2005	9	9	0.2	28.8871
2005	9	10	0	29.3041
2005	9	11	0	30.4268
2005	9	12	1.2	26.5608
2005	9	13	4	24.8429
2005	9	14	0.2	27.8139
2005	9	15	0	32.0713
2005	9	16	15.4	33.7344
2005	9	17	3	36.1967
2005	9	18	6.4	34.7022
2005	9	19	0.2	36.8977
2005	9	20	1.6	39.0773
2005	9	21	23.4	42.8741
2005	9	22	1.4	37.2778
2005	9	23	10.4	36.419
2005	9	24	12.2	32.9982
2005	9	25	7.6	30.8297
2005	9	26	4	30.0497
2005	9	27	4.2	33.63
2005	9	28	0.4	36.6031
2005	9	29	0.6	35.8086
2005	9	30	0.6	37.6335
2005	10	1	10.4	37.8316
2005	10	2	9.6	34.729
2005	10	3	14.4	30.6769
2005	10	4	5.2	29.9239
2005	10	5	1	31.3536
2005	10	6	8.8	24.5553
2005	10	7	27.4	20.4066
2005	10	8	6.4	20.4066
2005	10	9	4	20.4066
2005	10	10	0	20.4066
2005	10	11	0	20.9235
2005	10	12	2.6	20.217
2005	10	13	12.6	21.5033
2005	10	14	4	21.5033
2005	10	15	3.4	19.3997
2005	10	16	0.4	15.1926
2005	10	17	0	15.1926
2005	10	18	0	15.1926
2005	10	19	0	14.405
2005	10	20	0	13.6174
2005	10	21	0	13.6174
2005	10	22	0	13.6174
2005	10	23	0	13.6174
2005	10	24	0	13.6174
2005	10	25	0	12.732
2005	10	26	0	10.5817
2005	10	27	5.2	10.5817
2005	10	28	3.2	10.5817
2005	10	29	2.2	10.3119
2005	10	30	4	10.0421
2005	10	31	6	10.0421
2005	11	1	0.2	10.0421
2005	11	2	0	10.0421
2005	11	3	0	10.0421
2005	11	4	0.6	10.0901
2005	11	5	2.6	10.1381
2005	11	6	0.4	10.1381
2005	11	7	0	10.1381
2005	11	8	0	9.9614
2005	11	9	0	9.6669
2005	11	10	0	9.6669
2005	11	11	0.2	9.6669
2005	11	12	0.2	9.7364
2005	11	13	5	9.8059
2005	11	14	5.2	9.8059
2005	11	15	2	9.8059
2005	11	16	0	9.8059
2005	11	17	0	9.8059
2005	11	18	0	9.8059
2005	11	19	2.6	9.8059
2005	11	20	1	9.0144
2005	11	21	0	8.2228
2005	11	22	0	8.2228
2005	11	23	0	8.2228
2005	11	24	0	7.761
2005	11	25	0	7.3703
2005	11	26	1.4	7.3703
2005	11	27	0	7.3703
2005	11	28	0	7.4664
2005	11	29	0	7.5477
2005	11	30	0	7.395
2005	12	1	0	7.2658
2005	12	2	0.2	5.9009
2005	12	3	0.8	4.536
2005	12	4	0	4.536
2005	12	5	0	4.536
2005	12	6	3.8	4.433
2005	12	7	0.2	4.3458
2005	12	8	0.2	4.3458
2005	12	9	0	3.8988
2005	12	10	0	3.7498
2005	12	11	0	3.7498
2005	12	12	2.2	3.7498
2005	12	13	0.2	3.7498
2005	12	14	0	3.6882
2005	12	15	0	3.6442
2005	12	16	0	3.6442
2005	12	17	0.2	3.6442
2005	12	18	0	3.6645
2005	12	19	0	3.679
2005	12	20	0	3.679
2005	12	21	2.4	3.679
2005	12	22	0.2	3.6508
2005	12	23	0	3.6269
2005	12	24	0	3.6269
2005	12	25	0	3.6269
2005	12	26	0	3.5535
2005	12	27	0	3.4914
2005	12	28	0	3.5081
2005	12	29	0	3.5248
2005	12	30	0	3.5544
2005	12	31	0	3.5755
2006	1	1	0	4.8618
2006	1	2	0	6.1917
2006	1	3	0	6.4202
2006	1	4	0	6.4202
2006	1	5	0	6.4202
2006	1	6	0	6.4625
2006	1	7	3.6	6.5125
2006	1	8	0.4	6.5125
2006	1	9	0	6.5125
2006	1	10	0	6.4111
2006	1	11	0	6.2692
2006	1	12	0	6.2692
2006	1	13	0	6.2692
2006	1	14	0	6.1883
2006	1	15	0	6.0927
2006	1	16	0	6.0927
2006	1	17	0	6.0927
2006	1	18	0	5.9391
2006	1	19	0	5.566
2006	1	20	0	5.566
2006	1	21	0	5.566
2006	1	22	0	5.5894
2006	1	23	0.6	5.646
2006	1	24	0	5.646
2006	1	25	0	5.646
2006	1	26	0	5.646
2006	1	27	0	5.6027
2006	1	28	0	5.566
2006	1	29	0	5.566
2006	1	30	0	5.566
2006	1	31	0	5.8004
2006	2	1	0	6.2692
2006	2	2	0	6.0256
2006	2	3	0	5.782
2006	2	4	0	5.782
2006	2	5	0	5.782
2006	2	6	0	5.782
2006	2	7	0	5.8096
2006	2	8	0	5.8373
2006	2	9	1.6	5.8373
2006	2	10	0.4	5.8373
2006	2	11	0.2	5.8841
2006	2	12	0.2	5.9779
2006	2	13	0.2	5.9779
2006	2	14	0.4	5.9779
2006	2	15	0	5.9779
2006	2	16	0	5.932
2006	2	17	0	5.8931
2006	2	18	1.6	5.8931
2006	2	19	7.2	5.8931
2006	2	20	0	5.4174
2006	2	21	0	4.9417
2006	2	22	0	4.9417
2006	2	23	0	4.9417
2006	2	24	4	5.1884
2006	2	25	0	5.4351
2006	2	26	0	5.4351
2006	2	27	0	5.4351
2006	2	28	0	4.9856
2006	3	1	0	4.536
2006	3	2	0	4.536
2006	3	3	0	4.536
2006	3	4	0	4.7785
2006	3	5	0	5.1825
2006	3	6	8.6	5.1825
2006	3	7	1.8	5.1825
2006	3	8	1	5.3334
2006	3	9	0	5.4611
2006	3	10	0	5.4611
2006	3	11	3	5.4611
2006	3	12	2.4	5.2053
2006	3	13	0	4.9889
2006	3	14	0	4.9889
2006	3	15	0	4.9889
2006	3	16	0	4.9889
2006	3	17	0	5.3159
2006	3	18	0	5.5926
2006	3	19	0	5.5926
2006	3	20	0	5.5926
2006	3	21	0	5.5926
2006	3	22	0	5.6711
2006	3	23	0	5.7272
2006	3	24	0	5.7272
2006	3	25	0	5.8421
2006	3	26	0	5.9779
2006	3	27	6.4	5.9779
2006	3	28	7.8	5.9779
2006	3	29	3.2	5.9779
2006	3	30	2.4	6.1739
2006	3	31	0	6.3068
2006	4	1	0.2	6.5484
2006	4	2	1.6	7.6716
2006	4	3	0.2	7.8017
2006	4	4	2.6	7.7473
2006	4	5	11.6	7.3877
2006	4	6	2.6	6.5868
2006	4	7	1	6.3836
2006	4	8	2	7.0919
2006	4	9	0	7.4068
2006	4	10	0.2	7.2194
2006	4	11	1.8	8.6063
2006	4	12	8.8	9.2841
2006	4	13	1.2	7.7731
2006	4	14	0	7.131
2006	4	15	0	6.8291
2006	4	16	14.2	6.5166
2006	4	17	27.2	6.556
2006	4	18	5.8	6.8718
2006	4	19	4	7.2431
2006	4	20	1.8	7.3313
2006	4	21	0.8	7.8326
2006	4	22	3	8.2787
2006	4	23	2	8.8985
2006	4	24	1.6	9.0664
2006	4	25	1	9.328
2006	4	26	1.2	11.1145
2006	4	27	1.2	10.3336
2006	4	28	1.2	9.4617
2006	4	29	47.2	9.8218
2006	4	30	0	10.2096
2006	5	1	0.2	10.1905
2006	5	2	0.4	11.127
2006	5	3	0	14.2434
2006	5	4	0.2	20.6585
2006	5	5	0.4	15.0641
2006	5	6	0.4	19.1176
2006	5	7	0.4	16.048
2006	5	8	0.4	16.7058
2006	5	9	0.4	16.7303
2006	5	10	0.2	15.6653
2006	5	11	0.2	16.7086
2006	5	12	67.2	19.3496
2006	5	13	6.6	12.0412
2006	5	14	32.6	11.2662
2006	5	15	0	10.8491
2006	5	16	0	10.7432
2006	5	17	3.8	10.6057
2006	5	18	0.8	10.7257
2006	5	19	0.6	11.2375
2006	5	20	6.6	10.7849
2006	5	21	14.2	10.4513
2006	5	22	0	10.9602
2006	5	23	1	11.0857
2006	5	24	9.6	13.7829
2006	5	25	0.2	15.6416
2006	5	26	2.6	18.099
2006	5	27	46.6	25.8163
2006	5	28	30	15.6416
2006	5	29	9.6	12.877
2006	5	30	26	15.3522
2006	5	31	0.8	13.6851
2006	6	1	4.6	15.6698
2006	6	2	22.6	27.7872
2006	6	3	9.6	36.972
2006	6	4	6.4	38.4115
2006	6	5	5.4	41.172
2006	6	6	10.4	44.926
2006	6	7	10.6	40.645
2006	6	8	7.8	39.6944
2006	6	9	11	41.4218
2006	6	10	0.6	33.9873
2006	6	11	16.8	33.5786
2006	6	12	18.6	33.7278
2006	6	13	12.4	41.8948
2006	6	14	10.6	32.7944
2006	6	15	7.2	28.9477
2006	6	16	10.8	37.2846
2006	6	17	1.8	32.3991
2006	6	18	0	27.405
2006	6	19	0	31.0197
2006	6	20	0	38.7356
2006	6	21	7.6	48.5001
2006	6	22	14.4	48.1099
2006	6	23	4.8	40.9237
2006	6	24	0	33.7732
2006	6	25	0.2	39.7334
2006	6	26	7.8	41.4027
2006	6	27	0	41.2556
2006	6	28	6.8	39.9714
2006	6	29	2	37.4834
2006	6	30	14	51.2521
2006	7	1	0.4	51.1915
2006	7	2	0	45.4932
2006	7	3	7.4	25.8926
2006	7	4	19.6	17.1639
2006	7	5	0	14.9464
2006	7	6	10	29.2574
2006	7	7	21	50.5152
2006	7	8	4.8	44.3051
2006	7	9	0	49.5006
2006	7	10	4	50.9356
2006	7	11	15.8	54.078
2006	7	12	4	52.7175
2006	7	13	5.6	56.442
2006	7	14	8.6	62.8387
2006	7	15	28.6	72.1085
2006	7	16	0	53.9124
2006	7	17	0	47.052
2006	7	18	4.4	43.487
2006	7	19	3.2	50.0879
2006	7	20	0	56.4241
2006	7	21	5.4	56.119
2006	7	22	11.6	53.6919
2006	7	23	24	50.7849
2006	7	24	11	43.2808
2006	7	25	0.2	36.3071
2006	7	26	0.2	35.6297
2006	7	27	0	39.4969
2006	7	28	0	41.4091
2006	7	29	0	43.0676
2006	7	30	0	43.261
2006	7	31	15	39.3728
2006	8	1	19.8	38.9194
2006	8	2	2.6	32.4883
2006	8	3	1	32.6082
2006	8	4	0.4	33.1261
2006	8	5	0	35.3534
2006	8	6	5.2	37.4283
2006	8	7	0	37.2413
2006	8	8	0	37.3843
2006	8	9	0	39.3511
2006	8	10	0	41.1922
2006	8	11	0	39.0229
2006	8	12	0	36.9455
2006	8	13	19.4	27.6577
2006	8	14	1	33.1084
2006	8	15	0.6	37.9898
2006	8	16	24.8	38.3993
2006	8	17	9.2	39.39
2006	8	18	1.6	37.4889
2006	8	19	20.8	42.7594
2006	8	20	31.8	51.6275
2006	8	21	43.2	57.2582
2006	8	22	11.8	53.654
2006	8	23	16.6	49.2057
2006	8	24	10.2	47.0639
2006	8	25	3.4	36.7127
2006	8	26	0	34.5786
2006	8	27	0.4	37.5398
2006	8	28	0	39.8292
2006	8	29	0	41.1573
2006	8	30	0	43.0605
2006	8	31	0	47.3775
2006	9	1	3.8	51.9407
2006	9	2	0.2	46.6466
2006	9	3	1.4	43.2665
2006	9	4	33	43.4923
2006	9	5	26.2	31.6034
2006	9	6	0.8	28.1474
2006	9	7	21.8	40.4788
2006	9	8	30.2	40.7216
2006	9	9	16.6	28.9978
2006	9	10	24.6	27.2238
2006	9	11	1	24.6666
2006	9	12	13.4	25.4204
2006	9	13	0.8	19.4696
2006	9	14	14.2	19.0683
2006	9	15	0.4	19.2615
2006	9	16	2.2	18.1447
2006	9	17	7.8	19.2522
2006	9	18	7.2	21.3296
2006	9	19	2	19.3291
2006	9	20	0	19.292
2006	9	21	0	19.1236
2006	9	22	6.6	20.1743
2006	9	23	3	19.3175
2006	9	24	3.4	24.392
2006	9	25	7.6	24.8767
2006	9	26	4	23.6455
2006	9	27	6	29.6006
2006	9	28	0	27.7514
2006	9	29	2.4	27.0071
2006	9	30	7	23.2428
2006	10	1	14.8	21.028
2006	10	2	11.4	19.2275
2006	10	3	7.4	18.2772
2006	10	4	16.4	18.4954
2006	10	5	5.6	18.1177
2006	10	6	11	17.996
2006	10	7	3.2	15.9978
2006	10	8	17.8	15.7692
2006	10	9	0.2	13.3401
2006	10	10	0	13.1155
2006	10	11	5.6	12.9788
2006	10	12	14.2	13.3455
2006	10	13	1.4	13.633
2006	10	14	0	15.0341
2006	10	15	3	16.7849
2006	10	16	0.6	17.8717
2006	10	17	10.8	16.9789
2006	10	18	4	15.3273
2006	10	19	10.8	16.0587
2006	10	20	2.2	14.473
2006	10	21	1.8	14.1476
2006	10	22	16.4	15.4416
2006	10	23	0	13.4054
2006	10	24	0.6	13.017
2006	10	25	7.4	12.7946
2006	10	26	0.4	11.3925
2006	10	27	0	11.7524
2006	10	28	5	11.7524
2006	10	29	0.6	10.9816
2006	10	30	3.8	11.083
2006	10	31	13.4	10.8077
2006	11	1	0.2	10.1595
2006	11	2	0	10.2899
2006	11	3	0	10.5809
2006	11	4	2	9.2826
2006	11	5	25	6.4391
2006	11	6	19	6.0698
2006	11	7	1.8	6.0771
2006	11	8	0.2	6.0927
2006	11	9	0.2	6.0927
2006	11	10	0.2	6.0819
2006	11	11	5	6.071
2006	11	12	0	6.0638
2006	11	13	0.2	6.0638
2006	11	14	5	6.0638
2006	11	15	0.4	6.041
2006	11	16	0.2	6.0482
2006	11	17	1.8	6.0422
2006	11	18	2	6.0064
2006	11	19	0.4	6.0064
2006	11	20	3	6.0064
2006	11	21	8.8	5.8892
2006	11	22	0.8	5.5587
2006	11	23	2.6	5.4492
2006	11	24	3.2	5.4147
2006	11	25	2	5.3901
2006	11	26	2.2	5.3836
2006	11	27	0	5.2826
2006	11	28	0	5.2321
2006	11	29	2.6	5.2311
2006	11	30	0	5.2093
2006	12	1	4	5.2197
2006	12	2	1.2	5.2135
2006	12	3	0	5.2073
2006	12	4	2.4	5.2093
2006	12	5	0.2	5.2073
2006	12	6	0	5.2073
2006	12	7	0	5.2073
2006	12	8	0	5.2073
2006	12	9	0	5.2073
2006	12	10	0	5.2073
2006	12	11	0	5.2073
2006	12	12	0	5.3717
2006	12	13	0	5.566
2006	12	14	8.8	5.566
2006	12	15	0	5.566
2006	12	16	1.6	5.4882
2006	12	17	2.2	5.3326
2006	12	18	1.6	5.3326
2006	12	19	6	5.3326
2006	12	20	4.4	5.3326
2006	12	21	0.4	5.3326
2006	12	22	0.2	4.9828
2006	12	23	0	4.493
2006	12	24	0.2	4.493
2006	12	25	0.2	4.493
2006	12	26	0.2	4.4735
2006	12	27	0.2	4.4505
2006	12	28	1.2	4.4505
2006	12	29	0	4.402
2006	12	30	0.2	4.2842
2006	12	31	0	4.2842
2007	1	1	2	4.284
2007	1	2	0	4.3741
2007	1	3	0	4.387
2007	1	4	0	4.6522
2007	1	5	0	4.712
2007	1	6	0	4.712
2007	1	7	3.6	4.712
2007	1	8	4	4.712
2007	1	9	4.4	4.712
2007	1	10	1.4	4.6992
2007	1	11	0	4.69
2007	1	12	0	4.69
2007	1	13	2.4	4.69
2007	1	14	0	4.69
2007	1	15	2.8	4.6775
2007	1	16	2.6	4.667
2007	1	17	1.4	4.667
2007	1	18	0	4.667
2007	1	19	0.8	4.667
2007	1	20	0.4	4.667
2007	1	21	2.2	4.667
2007	1	22	2.6	4.667
2007	1	23	4.2	4.667
2007	1	24	0.2	4.667
2007	1	25	0.2	4.667
2007	1	26	0.4	4.6313
2007	1	27	0.2	4.601
2007	1	28	0.2	4.601
2007	1	29	0	4.601
2007	1	30	1.2	4.601
2007	1	31	0	4.574
2007	2	1	4	4.493
2007	2	2	0.2	4.5934
2007	2	3	0.2	4.734
2007	2	4	0.2	4.838
2007	2	5	0	4.942
2007	2	6	0	4.942
2007	2	7	0.4	4.942
2007	2	8	13.4	4.942
2007	2	9	10.6	4.9263
2007	2	10	4	4.895
2007	2	11	0.2	4.895
2007	2	12	0.2	4.895
2007	2	13	0	4.895
2007	2	14	0	4.895
2007	2	15	9.2	4.819
2007	2	16	0.6	4.667
2007	2	17	3.4	4.667
2007	2	18	0	4.667
2007	2	19	2.8	4.6569
2007	2	20	0.2	4.645
2007	2	21	10.4	4.645
2007	2	22	0	4.645
2007	2	23	0	4.5313
2007	2	24	2.2	4.45
2007	2	25	7.6	4.45
2007	2	26	0	4.45
2007	2	27	1.2	4.45
2007	2	28	0	4.4679
2007	3	1	0.2	4.493
2007	3	2	0	4.493
2007	3	3	0	4.6485
2007	3	4	0	4.78
2007	3	5	0	4.658
2007	3	6	0	4.5133
2007	3	7	0	4.264
2007	3	8	0	4.1205
2007	3	9	9.6	4.0998
2007	3	10	0	4.3541
2007	3	11	2.6	4.499
2007	3	12	0	4.6915
2007	3	13	0.2	4.9638
2007	3	14	0.2	5.061
2007	3	15	0.6	5.061
2007	3	16	0.2	5.061
2007	3	17	0	5.061
2007	3	18	8.8	5.1135
2007	3	19	0	5.158
2007	3	20	0.4	5.2677
2007	3	21	0	5.7495
2007	3	22	0	6.0431
2007	3	23	0.8	6.5616
2007	3	24	3.8	6.733
2007	3	25	3.6	6.6803
2007	3	26	1.8	6.575
2007	3	27	3	6.575
2007	3	28	0.2	6.467
2007	3	29	0	6.3253
2007	3	30	0	6.1813
2007	3	31	0	6.006
2007	4	1	0	5.7864
2007	4	2	6.6	5.4883
2007	4	3	0	5.3843
2007	4	4	0	5.1773
2007	4	5	10.4	4.8868
2007	4	6	26	4.78
2007	4	7	14.6	4.78
2007	4	8	1.6	4.78
2007	4	9	12.6	4.78
2007	4	10	0.2	4.8678
2007	4	11	0.2	6.5435
2007	4	12	5.8	8.145
2007	4	13	4.2	8.145
2007	4	14	0.2	8.4478
2007	4	15	0	8.461
2007	4	16	0	8.7993
2007	4	17	0	9.621
2007	4	18	0.2	9.621
2007	4	19	0	9.621
2007	4	20	1.2	9.621
2007	4	21	2.4	9.621
2007	4	22	16	11.3765
2007	4	23	16.2	12.4953
2007	4	24	17.2	8.461
2007	4	25	19.8	8.2835
2007	4	26	5	8.106
2007	4	27	11	8.106
2007	4	28	5.4	8.106
2007	4	29	4.8	6.5899
2007	4	30	0.2	5.307
2007	5	1	0	6.6045
2007	5	2	0.2	8.421
2007	5	3	14.4	8.431
2007	5	4	18.4	8.501
2007	5	5	0.2	9.799
2007	5	6	0	11.097
2007	5	7	1.4	11.097
2007	5	8	1.6	11.097
2007	5	9	27.6	11.097
2007	5	10	4.4	12.2887
2007	5	11	28.8	13.297
2007	5	12	17.2	13.297
2007	5	13	3.4	13.297
2007	5	14	9.6	13.297
2007	5	15	33.6	13.297
2007	5	16	39.2	13.297
2007	5	17	1.4	12.4858
2007	5	18	2.2	11.5767
2007	5	19	0.2	13.0303
2007	5	20	1.6	14.4105
2007	5	21	0.2	17.6268
2007	5	22	0	24.4878
2007	5	23	5.4	30.854
2007	5	24	26	30.9835
2007	5	25	0	22.0085
2007	5	26	0.6	18.7972
2007	5	27	1.8	17.9078
2007	5	28	0.2	16.7548
2007	5	29	0	20.7894
2007	5	30	1.8	26.8086
2007	5	31	11	31.4726
2007	6	1	20	29.6443
2007	6	2	2.8	23.2635
2007	6	3	10.6	24.4341
2007	6	4	28.8	35.248
2007	6	5	0.8	25.8665
2007	6	6	18.8	27.5106
2007	6	7	9.6	27.948
2007	6	8	28.8	32.3153
2007	6	9	22.6	32.3295
2007	6	10	9.4	28.6521
2007	6	11	21	29.5808
2007	6	12	6.2	27.5948
2007	6	13	3.2	28.8253
2007	6	14	0.2	27.9526
2007	6	15	7.2	27.8279
2007	6	16	2.6	28.9365
2007	6	17	5.4	33.6359
2007	6	18	6	35.5885
2007	6	19	8.4	38.5647
2007	6	20	4.4	37.8168
2007	6	21	5.2	35.1428
2007	6	22	3.6	38.1451
2007	6	23	34.4	41.8867
2007	6	24	5.8	33.1996
2007	6	25	12.8	26.5563
2007	6	26	1.8	25.9372
2007	6	27	0.2	28.0475
2007	6	28	4	30.8369
2007	6	29	0	33.1744
2007	6	30	0	31.4557
2007	7	1	19.2	32.0817
2007	7	2	2.4	36.0138
2007	7	3	7	38.1205
2007	7	4	2.6	42.9756
2007	7	5	11.6	41.2369
2007	7	6	21.6	36.6788
2007	7	7	1.4	34.6685
2007	7	8	3.4	36.8296
2007	7	9	33.2	48.4915
2007	7	10	0	35.6159
2007	7	11	0	26.2729
2007	7	12	4	18.3257
2007	7	13	1.8	19.6305
2007	7	14	7.6	21.0891
2007	7	15	0.6	20.3961
2007	7	16	4.4	22.1993
2007	7	17	10.6	26.1211
2007	7	18	10.4	26.0479
2007	7	19	28	36.6425
2007	7	20	17.8	22.8256
2007	7	21	17.6	26.5578
2007	7	22	6.6	21.715
2007	7	23	8.8	10.6398
2007	7	24	1.2	11.0869
2007	7	25	5	11.6205
2007	7	26	3.6	11.3457
2007	7	27	10.8	10.6777
2007	7	28	16.8	8.9897
2007	7	29	13.4	10.1904
2007	7	30	4.8	9.4676
2007	7	31	17	9.2216
2007	8	1	17	9.3045
2007	8	2	4.2	8.7531
2007	8	3	0.2	9.1377
2007	8	4	0	9.4528
2007	8	5	5.6	9.8023
2007	8	6	7.8	10.4628
2007	8	7	35.2	13.0164
2007	8	8	1	13.7722
2007	8	9	22.2	17.373
2007	8	10	15.2	21.414
2007	8	11	22.4	32.099
2007	8	12	12.8	16.9869
2007	8	13	1	14.6879
2007	8	14	0.2	16.0589
2007	8	15	2.8	15.5533
2007	8	16	21	15.3196
2007	8	17	2.8	16.5328
2007	8	18	0.4	18.1567
2007	8	19	0	27.895
2007	8	20	5.2	63.0769
2007	8	21	5	62.2647
2007	8	22	2.8	52.5435
2007	8	23	5	29.8095
2007	8	24	2	12.8279
2007	8	25	18.4	14.5735
2007	8	26	1.2	14.8271
2007	8	27	13.4	17.5435
2007	8	28	16	36.2794
2007	8	29	7	77.0553
2007	8	30	16.8	32.2138
2007	8	31	17	29.3148
2007	9	1	5.2	29.3148
2007	9	2	23.6	29.3148
2007	9	3	2.6	22.7663
2007	9	4	0.2	19.8396
2007	9	5	15	19.6666
2007	9	6	11.6	12.9582
2007	9	7	4	12.8279
2007	9	8	17.4	12.9406
2007	9	9	23.8	13.4242
2007	9	10	13	13.1581
2007	9	11	17.4	13.4571
2007	9	12	18	13.1464
2007	9	13	30	12.8307
2007	9	14	1.4	13.1805
2007	9	15	0.2	13.1088
2007	9	16	15.2	12.9949
2007	9	17	34.2	8.1726
2007	9	18	0	7.1517
2007	9	19	0.6	5.7067
2007	9	20	11.2	4.9613
2007	9	21	0.2	4.4792
2007	9	22	1.8	3.886
2007	9	23	0.6	3.8738
2007	9	24	0.2	3.8819
2007	9	25	0	3.8819
2007	9	26	0	4.1355
2007	9	27	0.2	4.6061
2007	9	28	0.2	5.4035
2007	9	29	1	6.0795
2007	9	30	0	6.3006
2007	10	1	19.6	5.9869
2007	10	2	8.4	4.9052
2007	10	3	0	4.9362
2007	10	4	0	5.5624
2007	10	5	0	5.4769
2007	10	6	3.2	6.1227
2007	10	7	2.6	7.2488
2007	10	8	1.8	5.4655
2007	10	9	2.8	6.3106
2007	10	10	3	5.4443
2007	10	11	3	5.1434
2007	10	12	3.2	4.9927
2007	10	13	0	4.4449
2007	10	14	0	4.1156
2007	10	15	0	3.342
2007	10	16	0	2.827
2007	10	17	5.4	2.7
2007	10	18	5	2.6995
2007	10	19	10	2.6391
2007	10	20	8.6	2.637
2007	10	21	7.4	2.643
2007	10	22	2.8	2.6375
2007	10	23	3	2.637
2007	10	24	4.4	2.5498
2007	10	25	0	2.649
2007	10	26	0	2.817
2007	10	27	0.8	2.867
2007	10	28	10	2.8282
2007	10	29	3.8	2.7739
2007	10	30	0.4	2.6633
2007	10	31	0.8	2.4984
2007	11	1	0	2.3321
2007	11	2	0	1.9998
2007	11	3	2.8	1.9464
2007	11	4	0	1.872
2007	11	5	0	1.872
2007	11	6	0	1.872
2007	11	7	11.8	1.872
2007	11	8	5.8	1.872
2007	11	9	0.2	1.8234
2007	11	10	0.4	1.819
2007	11	11	0.6	1.819
2007	11	12	0.2	1.819
2007	11	13	0.2	1.819
2007	11	14	0	1.819
2007	11	15	0.6	1.819
2007	11	16	0.2	1.819
2007	11	17	2.4	1.819
2007	11	18	2.8	1.819
2007	11	19	0.8	1.819
2007	11	20	1	1.7945
2007	11	21	1	1.735
2007	11	22	1.2	1.735
2007	11	23	0.4	1.735
2007	11	24	0.2	1.735
2007	11	25	0.2	1.6911
2007	11	26	1.4	1.654
2007	11	27	5.2	1.654
2007	11	28	1.8	1.654
2007	11	29	0	1.654
2007	11	30	0.2	1.6187
2007	12	1	0.6	1.6219
2007	12	2	0	1.7149
2007	12	3	3	1.751
2007	12	4	0	1.751
2007	12	5	0	1.8051
2007	12	6	8.8	1.81
2007	12	7	0.2	1.8829
2007	12	8	0.2	1.935
2007	12	9	0.4	1.935
2007	12	10	0.2	1.935
2007	12	11	0	1.935
2007	12	12	0	1.935
2007	12	13	0	1.981
2007	12	14	0	2.0073
2007	12	15	0	1.9193
2007	12	16	0	1.8153
2007	12	17	1.8	1.6745
2007	12	18	0	1.623
2007	12	19	0	1.623
2007	12	20	0.2	1.5899
2007	12	21	0	1.57
2007	12	22	0	1.57
2007	12	23	0	1.57
2007	12	24	0.2	1.5438
2007	12	25	0	1.525
2007	12	26	0	1.525
2007	12	27	1	1.525
2007	12	28	0	1.525
2007	12	29	1.6	1.525
2007	12	30	0	1.525
2007	12	31	0	1.525
