洪号	year	month	day	hour	降雨	流量
19730410	1973	4	10	9	4.383333333	0.958333333
19730410	1973	4	10	10	4.383333333	1.436666667
19730410	1973	4	10	11	4.383333333	1.915
19730410	1973	4	10	12	4.383333333	2.393333333
19730410	1973	4	10	13	4.383333333	2.871666667
19730410	1973	4	10	14	0.633333333	3.35
19730410	1973	4	10	15	0.633333333	9.34
19730410	1973	4	10	16	0.633333333	15.06
19730410	1973	4	10	17	0.633333333	20.78
19730410	1973	4	10	18	0.633333333	26.5
19730410	1973	4	10	19	0.633333333	45.45
19730410	1973	4	10	20	0.25	64.4
19730410	1973	4	10	21	0.25	64.4
19730410	1973	4	10	22	0.25	61.36666667
19730410	1973	4	10	23	0.25	58.33333333
19730410	1973	4	11	0	0	55.3
19730410	1973	4	11	1	0	52.2625
19730410	1973	4	11	2	0	49.225
19730410	1973	4	11	3	0	46.1875
19730410	1973	4	11	4	0	43.15
19730410	1973	4	11	5	0	40.1125
19730410	1973	4	11	6	0	37.075
19730410	1973	4	11	7	0	34.0375
19730410	1973	4	11	8	0	31
19730410	1973	4	11	9	0	29.21428571
19730410	1973	4	11	10	0	27.42857143
19730410	1973	4	11	11	0	25.64285714
19730410	1973	4	11	12	0	23.85714286
19730410	1973	4	11	13	0	22.07142857
19730410	1973	4	11	14	0	20.28571429
19730410	1973	4	11	15	0	18.5
19730410	1973	4	11	16	0	17.63333333
19730410	1973	4	11	17	0	16.76666667
19730410	1973	4	11	18	0	15.9
19730410	1973	4	11	19	0	15.03333333
19730410	1973	4	11	20	0	14.16666667
19730410	1973	4	11	21	0	13.3
19730410	1973	4	11	22	0	12.43333333
19730410	1973	4	11	23	0	11.56666667
19730410	1973	4	12	0	0	10.7
19730410	1973	4	12	1	0	10.31
19730410	1973	4	12	2	0	9.92
19730410	1973	4	12	3	0	9.53
19730410	1973	4	12	4	0	9.14
19730410	1973	4	12	5	0	8.75
19730410	1973	4	12	6	0	8.36
19730410	1973	4	12	7	0	7.97
19730430	1973	4	29	22	2.2	1.06
19730430	1973	4	29	23	2.2	6.073333333
19730430	1973	4	30	0	2.2	11.08666667
19730430	1973	4	30	1	2.2	16.1
19730430	1973	4	30	2	0.733333333	25.66666667
19730430	1973	4	30	3	0.733333333	35.23333333
19730430	1973	4	30	4	0.733333333	44.8
19730430	1973	4	30	5	0.733333333	57.5
19730430	1973	4	30	6	0.733333333	70.2
19730430	1973	4	30	7	0.733333333	68.1
19730430	1973	4	30	8	0.2	66
19730430	1973	4	30	9	0.2	64.975
19730430	1973	4	30	10	0.2	63.95
19730430	1973	4	30	11	0.2	62.925
19730430	1973	4	30	12	0.2	61.9
19730430	1973	4	30	13	0.2	57.625
19730430	1973	4	30	14	0.05	53.35
19730430	1973	4	30	15	0.05	49.075
19730430	1973	4	30	16	0.05	44.8
19730430	1973	4	30	17	0.05	42.69
19730430	1973	4	30	18	0.05	40.58
19730430	1973	4	30	19	0.05	38.47
19730430	1973	4	30	20	0	36.36
19730430	1973	4	30	21	0	34.25
19730430	1973	4	30	22	0	32.14
19730430	1973	4	30	23	0	30.03
19730430	1973	5	1	0	0	27.92
19730430	1973	5	1	1	0	25.81
19730430	1973	5	1	2	0	23.7
19730430	1973	5	1	3	0	22.63333333
19730430	1973	5	1	4	0	21.56666667
19730430	1973	5	1	5	0	20.5
19730430	1973	5	1	6	0	19.43333333
19730430	1973	5	1	7	0	18.36666667
19730430	1973	5	1	8	0	17.3
19730430	1973	5	1	9	0	16.66583333
19730430	1973	5	1	10	0	16.03166667
19730430	1973	5	1	11	0	15.3975
19730430	1973	5	1	12	0	14.76333333
19730430	1973	5	1	13	0	14.12916667
19730430	1973	5	1	14	0	13.495
19730430	1973	5	1	15	0	12.86083333
19730430	1973	5	1	16	0	12.22666667
19730430	1973	5	1	17	0	11.5925
19730430	1973	5	1	18	0	10.95833333
19730430	1973	5	1	19	0	10.32416667
19730430	1973	5	1	20	0	9.69
19730430	1973	5	1	21	0	9.338333333
19730430	1973	5	1	22	0	8.986666667
19730430	1973	5	1	23	0	8.635
19730617	1973	6	17	9	2.95	3.79
19730617	1973	6	17	10	2.95	3.95
19730617	1973	6	17	11	2.95	4.11
19730617	1973	6	17	12	2.95	7.606666667
19730617	1973	6	17	13	2.95	11.10333333
19730617	1973	6	17	14	0.266666667	14.6
19730617	1973	6	17	15	0.266666667	32.5
19730617	1973	6	17	16	0.266666667	48.45
19730617	1973	6	17	17	0.266666667	64.4
19730617	1973	6	17	18	0.266666667	72.7
19730617	1973	6	17	19	0.266666667	76.8
19730617	1973	6	17	20	0.016666667	76
19730617	1973	6	17	21	0.016666667	70.2
19730617	1973	6	17	22	0.016666667	62.8
19730617	1973	6	17	23	0.016666667	55.4
19730617	1973	6	18	0	0	48
19730617	1973	6	18	1	0	44.6875
19730617	1973	6	18	2	0	41.375
19730617	1973	6	18	3	0	38.0625
19730617	1973	6	18	4	0	34.75
19730617	1973	6	18	5	0	31.4375
19730617	1973	6	18	6	0	28.125
19730617	1973	6	18	7	0	24.8125
19730617	1973	6	18	8	0	21.5
19730617	1973	6	18	9	0	20.6
19730617	1973	6	18	10	0	19.7
19730617	1973	6	18	11	0	18.8
19730617	1973	6	18	12	0	17.9
19730617	1973	6	18	13	0	17
19730617	1973	6	18	14	0	16.1
19730617	1973	6	18	15	0	15.2
19730617	1973	6	18	16	0	14.3
19730617	1973	6	18	17	0	13.4
19730617	1973	6	18	18	0	12.5
19730617	1973	6	18	19	0	11.6
19730617	1973	6	18	20	0	10.7
19730906	1973	9	6	3	4.7	9.69
19730906	1973	9	6	4	4.7	10.195
19730906	1973	9	6	5	4.7	10.7
19730906	1973	9	6	6	4.7	13.7
19730906	1973	9	6	7	4.7	16.7
19730906	1973	9	6	8	1.316666667	19.7
19730906	1973	9	6	9	1.316666667	38.3
19730906	1973	9	6	10	1.316666667	56.9
19730906	1973	9	6	11	1.316666667	79.35
19730906	1973	9	6	12	1.316666667	101.8
19730906	1973	9	6	13	1.316666667	135
19730906	1973	9	6	14	0.133333333	135
19730906	1973	9	6	15	0.133333333	124
19730906	1973	9	6	16	0.133333333	104.95
19730906	1973	9	6	17	0.133333333	85.9
19730906	1973	9	6	18	0.133333333	75.96
19730906	1973	9	6	19	0.133333333	66.02
19730906	1973	9	6	20	0.033333333	56.08
19730906	1973	9	6	21	0.033333333	46.14
19730906	1973	9	6	22	0.033333333	36.2
19730906	1973	9	6	23	0.033333333	32.875
19730906	1973	9	7	0	0.033333333	29.55
19730906	1973	9	7	1	0.033333333	26.225
19730906	1973	9	7	2	0.483333333	22.9
19730906	1973	9	7	3	0.483333333	21.6
19730906	1973	9	7	4	0.483333333	20.3
19730906	1973	9	7	5	0.483333333	19
19730906	1973	9	7	6	0.483333333	17.7
19730906	1973	9	7	7	0.483333333	16.4
19730906	1973	9	7	8	1.05	15.1
19730906	1973	9	7	9	1.05	15.1
19730906	1973	9	7	10	1.05	15.1
19730906	1973	9	7	11	1.05	21.04
19730906	1973	9	7	12	1.05	26.98
19730906	1973	9	7	13	1.05	32.92
19730906	1973	9	7	14	1.583333333	38.86
19730906	1973	9	7	15	1.583333333	44.8
19730906	1973	9	7	16	1.583333333	69.3
19730906	1973	9	7	17	1.583333333	86.65
19730906	1973	9	7	18	1.583333333	104
19730906	1973	9	7	19	1.583333333	111.5
19730906	1973	9	7	20	0.066666667	119
19730906	1973	9	7	21	0.066666667	114
19730906	1973	9	7	22	0.066666667	106.6
19730906	1973	9	7	23	0.066666667	99.2
19730906	1973	9	8	0	0.066666667	91.8
19730906	1973	9	8	1	0.066666667	83.84
19730906	1973	9	8	2	0.016666667	75.88
19730906	1973	9	8	3	0.016666667	67.92
19730906	1973	9	8	4	0.016666667	59.96
19730906	1973	9	8	5	0.016666667	52
19730906	1973	9	8	6	0.016666667	47.76666667
19730906	1973	9	8	7	0.016666667	43.53333333
19730906	1973	9	8	8	0	39.3
19730906	1973	9	8	9	0	36.98888889
19730906	1973	9	8	10	0	34.67777778
19730906	1973	9	8	11	0	32.36666667
19730906	1973	9	8	12	0	30.05555556
19730906	1973	9	8	13	0	27.74444444
19730906	1973	9	8	14	0	25.43333333
19730906	1973	9	8	15	0	23.12222222
19730906	1973	9	8	16	0	20.81111111
19730906	1973	9	8	17	0	18.5
19730906	1973	9	8	18	0	17.63333333
19730906	1973	9	8	19	0	16.76666667
19730906	1973	9	8	20	0	15.9
19740521	1974	5	20	16	0.75	11.9
19740521	1974	5	20	17	0.75	12.725
19740521	1974	5	20	18	0.75	13.55
19740521	1974	5	20	19	0.75	14.375
19740521	1974	5	20	20	1.175	15.2
19740521	1974	5	20	21	1.175	26.525
19740521	1974	5	20	22	1.175	37.85
19740521	1974	5	20	23	1.175	49.175
19740521	1974	5	21	0	8	60.5
19740521	1974	5	21	1	0.3	51.85
19740521	1974	5	21	2	0	43.2
19740521	1974	5	21	3	0	52.83333333
19740521	1974	5	21	4	0.133333333	62.46666667
19740521	1974	5	21	5	0.133333333	72.1
19740521	1974	5	21	6	0.133333333	74.2
19740521	1974	5	21	7	0	74.2
19740521	1974	5	21	8	0	70.7
19740521	1974	5	21	9	0.2	68.96666667
19740521	1974	5	21	10	6.5	67.23333333
19740521	1974	5	21	11	3.6	65.5
19740521	1974	5	21	12	0.75	63.76666667
19740521	1974	5	21	13	0.75	62.03333333
19740521	1974	5	21	14	0.033333333	60.3
19740521	1974	5	21	15	0.033333333	73.7
19740521	1974	5	21	16	0.033333333	87.1
19740521	1974	5	21	17	0.033333333	93.3
19740521	1974	5	21	18	0.033333333	86.93333333
19740521	1974	5	21	19	0.033333333	80.56666667
19740521	1974	5	21	20	0	74.2
19740521	1974	5	21	21	0	69.45
19740521	1974	5	21	22	0	64.7
19740521	1974	5	21	23	0	59.95
19740521	1974	5	22	0	0	55.2
19740521	1974	5	22	1	0	50.45
19740521	1974	5	22	2	0	45.7
19740521	1974	5	22	3	0	42.9
19740521	1974	5	22	4	0	40.1
19740521	1974	5	22	5	0	37.3
19740521	1974	5	22	6	0	34.5
19740521	1974	5	22	7	0	31.7
19740521	1974	5	22	8	0	28.9
19740521	1974	5	22	9	0	27.51666667
19740521	1974	5	22	10	0	26.13333333
19740521	1974	5	22	11	0	24.75
19740521	1974	5	22	12	0	23.36666667
19740521	1974	5	22	13	0	21.98333333
19740521	1974	5	22	14	0	20.6
19740521	1974	5	22	15	0	19.85555556
19740521	1974	5	22	16	0	19.11111111
19740521	1974	5	22	17	0	18.36666667
19740521	1974	5	22	18	0	17.62222222
19740521	1974	5	22	19	0	16.87777778
19740521	1974	5	22	20	0	16.13333333
19740521	1974	5	22	21	0	15.38888889
19740521	1974	5	22	22	0	14.64444444
19740521	1974	5	22	23	0	13.9
19740731	1974	7	31	20	0.507264957	1.04
19740731	1974	7	31	21	0.507264957	22.35833333
19740731	1974	7	31	22	0.507264957	43.67666667
19740731	1974	7	31	23	0.507264957	57
19740731	1974	8	1	0	0.507264957	36.5
19740731	1974	8	1	1	0.507264957	28.55
19740731	1974	8	1	2	0.196153846	20.6
19740731	1974	8	1	3	0	19.08333333
19740731	1974	8	1	4	0	17.56666667
19740731	1974	8	1	5	0	16.05
19740731	1974	8	1	6	0.010897436	14.53333333
19740731	1974	8	1	7	0.010897436	13.01666667
19740731	1974	8	1	8	0.275	11.5
19740731	1974	8	1	9	0.275	10.655
19740731	1974	8	1	10	0.275	9.81
19740731	1974	8	1	11	0.275	8.965
19740731	1974	8	1	12	0.275	8.12
19740731	1974	8	1	13	0.275	7.275
19740802	1974	8	1	14	4.945512821	6.43
19740802	1974	8	1	15	5.66474359	6.2
19740802	1974	8	1	16	5.457692308	5.97
19740802	1974	8	1	17	5.457692308	5.74
19740802	1974	8	1	18	5.773717949	5.51
19740802	1974	8	1	19	5.316025641	5.28
19740802	1974	8	1	20	0.284401709	5.57
19740802	1974	8	1	21	0.284401709	24.81
19740802	1974	8	1	22	0.284401709	44.05
19740802	1974	8	1	23	0.059188034	120
19740802	1974	8	2	0	0	105.05
19740802	1974	8	2	1	0	90.1
19740802	1974	8	2	2	0	72.1
19740802	1974	8	2	3	0	58.86666667
19740802	1974	8	2	4	0	45.63333333
19740802	1974	8	2	5	0	32.4
19740802	1974	8	2	6	0	25.67166667
19740802	1974	8	2	7	0	18.94333333
19740802	1974	8	2	8	0	12.215
19740802	1974	8	2	9	0	12.1625
19741003	1974	10	2	13	2.820726496	4.013333333
19741003	1974	10	2	14	3.682692308	4.14
19741003	1974	10	2	15	3.225	5.285
19741003	1974	10	2	16	2.810897436	6.43
19741003	1974	10	2	17	3.290384615	16.0975
19741003	1974	10	2	18	3.595512821	25.765
19741003	1974	10	2	19	2.810897436	35.4325
19741003	1974	10	2	20	0.534615385	45.1
19741003	1974	10	2	21	0.534615385	63.5
19741003	1974	10	2	22	0.534615385	81.9
19741003	1974	10	2	23	0.534615385	91.7
19741003	1974	10	3	0	0.76025641	92.5
19741003	1974	10	3	1	0.76025641	93.3
19741003	1974	10	3	2	0.926495726	90.9
19741003	1974	10	3	3	0.926495726	83.36666667
19741003	1974	10	3	4	0.926495726	75.83333333
19741003	1974	10	3	5	0.926495726	68.3
19741003	1974	10	3	6	0.926495726	60.76666667
19741003	1974	10	3	7	0.926495726	53.23333333
19741003	1974	10	3	8	1.631517094	45.7
19741003	1974	10	3	9	1.631517094	42.3
19741003	1974	10	3	10	1.631517094	38.9
19741003	1974	10	3	11	1.631517094	38
19741003	1974	10	3	12	2.323504274	37.1
19741003	1974	10	3	13	1.560683761	37.7
19741003	1974	10	3	14	1.328418803	40.8
19741003	1974	10	3	15	1.328418803	45.675
19741003	1974	10	3	16	1.328418803	50.55
19741003	1974	10	3	17	1.328418803	55.425
19741003	1974	10	3	18	1.328418803	60.3
19741003	1974	10	3	19	1.328418803	66.9
19741003	1974	10	3	20	1.136858974	73.5
19741003	1974	10	3	21	1.136858974	74.2
19741003	1974	10	3	22	1.583653846	73.15
19741003	1974	10	3	23	1.561858974	72.1
19741003	1974	10	4	0	1.807051282	73.5
19741003	1974	10	4	1	1.218589744	80.5
19741003	1974	10	4	2	0.405982906	85.25
19741003	1974	10	4	3	0.405982906	86.4
19741003	1974	10	4	4	0.405982906	84.1
19741003	1974	10	4	5	0.405982906	79.525
19741003	1974	10	4	6	0.405982906	74.95
19741003	1974	10	4	7	0.405982906	70.375
19741003	1974	10	4	8	0.503632479	65.8
19741003	1974	10	4	9	0.460042735	60.4
19741003	1974	10	4	10	0.492735043	55
19741003	1974	10	4	11	0.492735043	52.91
19741003	1974	10	4	12	0.492735043	50.82
19741003	1974	10	4	13	0.492735043	48.73
19741003	1974	10	4	14	0.199786325	46.64
19741003	1974	10	4	15	0.199786325	44.55
19741003	1974	10	4	16	0.199786325	42.46
19741003	1974	10	4	17	0.199786325	40.37
19741003	1974	10	4	18	0.199786325	38.28
19741003	1974	10	4	19	0.199786325	36.19
19741003	1974	10	4	20	0.053205128	34.1
19741003	1974	10	4	21	0.053205128	32.925
19741003	1974	10	4	22	0.053205128	31.75
19741003	1974	10	4	23	0.053205128	30.575
19741003	1974	10	5	0	0.053205128	29.4
19741003	1974	10	5	1	0.053205128	28.225
19741003	1974	10	5	2	0.123931624	27.05
19741003	1974	10	5	3	0.123931624	25.875
19741003	1974	10	5	4	0.123931624	24.7
19741003	1974	10	5	5	0.123931624	23.525
19741003	1974	10	5	6	0.123931624	22.35
19741003	1974	10	5	7	0.123931624	21.175
19750609	1975	6	9	9	3.191880342	1.8825
19750609	1975	6	9	10	3.584188034	2.945
19750609	1975	6	9	11	3.40982906	4.0075
19750609	1975	6	9	12	3.17008547	5.07
19750609	1975	6	9	13	3.126495726	22.685
19750609	1975	6	9	14	1.214316239	40.3
19750609	1975	6	9	15	1.214316239	50.5
19750609	1975	6	9	16	1.214316239	60.7
19750609	1975	6	9	17	1.214316239	70.9
19750609	1975	6	9	18	1.214316239	94.6
19750609	1975	6	9	19	1.214316239	115
19750609	1975	6	9	20	0.03042735	114
19750609	1975	6	9	21	0.03042735	100.85
19750609	1975	6	9	22	0.03042735	87.7
19750609	1975	6	9	23	0.03042735	78.875
19750609	1975	6	10	0	0.03042735	70.05
19750609	1975	6	10	1	0.026068376	61.225
19750609	1975	6	10	2	0	52.4
19750609	1975	6	10	3	0	48.83333333
19750609	1975	6	10	4	0	45.26666667
19750609	1975	6	10	5	0	41.7
19750609	1975	6	10	6	0	38.13333333
19750609	1975	6	10	7	0	34.56666667
19750609	1975	6	10	8	0.042307692	31
19750609	1975	6	10	9	0.042307692	29.68333333
19750609	1975	6	10	10	0.042307692	28.36666667
19750609	1975	6	10	11	0.042307692	27.05
19750609	1975	6	10	12	0.042307692	25.73333333
19750809	1975	8	8	1	2.210683761	17.2
19750809	1975	8	8	2	0.678205128	17.7
19750809	1975	8	8	3	0.634615385	17.9
19750809	1975	8	8	4	1.680769231	18.1
19750809	1975	8	8	5	1.048717949	18.3
19750809	1975	8	8	6	2.443589744	18.5
19750809	1975	8	8	7	2.596153846	25.55
19750809	1975	8	8	8	4.295512821	32.6
19750809	1975	8	8	9	3.096794872	104
19750809	1975	8	8	10	2.748076923	142.5
19750809	1975	8	8	11	1.919871795	181
19750809	1975	8	8	12	1.157051282	222.75
19750809	1975	8	8	13	1.157051282	264.5
19750809	1975	8	8	14	11.61645299	220
19750809	1975	8	8	15	11.61645299	187.5
19750809	1975	8	8	16	11.61645299	155
19750809	1975	8	8	17	12.85876068	131
19750809	1975	8	8	18	16.80363248	107
19750809	1975	8	8	19	12.20491453	116
19750809	1975	8	8	20	3.940384615	144.5
19750809	1975	8	8	21	3.199358974	173
19750809	1975	8	8	22	2.981410256	418
19750809	1975	8	8	23	2.589102564	330
19750809	1975	8	9	0	2.722596154	286
19750809	1975	8	9	1	3.681570513	278
19750809	1975	8	9	2	10.46987179	270
19750809	1975	8	9	3	10.36089744	272
19750809	1975	8	9	4	11.29807692	1196
19750809	1975	8	9	5	11.625	2120
19750809	1975	8	9	6	11.27628205	1755
19750809	1975	8	9	7	10.53525641	1235
19750809	1975	8	9	8	2.575641026	1525
19750809	1975	8	9	9	3.294871795	1423.333333
19750809	1975	8	9	10	2.559294872	1070
19750809	1975	8	9	11	2.559294872	586
19750809	1975	8	9	12	2.559294872	460
19750809	1975	8	9	13	2.559294872	395
19750809	1975	8	9	14	8.110470085	330
19750809	1975	8	9	15	8.633547009	366
19750809	1975	8	9	16	8.197649573	620
19750809	1975	8	9	17	8.480982906	472
19750809	1975	8	9	18	7.947008547	417.3333333
19750809	1975	8	9	19	7.947008547	362.6666667
19750809	1975	8	9	20	0.135897436	308
19750809	1975	8	9	21	0.855128205	281.6666667
19750809	1975	8	9	22	0.09775641	255.3333333
19750809	1975	8	9	23	0.09775641	229
19750809	1975	8	10	0	0.070512821	202.6666667
19750809	1975	8	10	1	0.070512821	176.3333333
19750809	1975	8	10	2	0.151923077	150
19750809	1975	8	10	3	0.151923077	139.4333333
19750809	1975	8	10	4	0.151923077	128.8666667
19750809	1975	8	10	5	0.231837607	118.3
19750809	1975	8	10	6	0.231837607	107.7333333
19750809	1975	8	10	7	0.231837607	97.16666667
19750809	1975	8	10	8	0.021153846	86.6
19750809	1975	8	10	9	0.021153846	83.28333333
19750809	1975	8	10	10	0.021153846	79.96666667
19750809	1975	8	10	11	0.021153846	76.65
19750809	1975	8	10	12	0.021153846	73.33333333
19750809	1975	8	10	13	0.06474359	70.01666667
19750809	1975	8	10	14	0	66.7
19750809	1975	8	10	15	0	63.38333333
19750809	1975	8	10	16	0	60.06666667
19750809	1975	8	10	17	0	56.75
19750809	1975	8	10	18	0	53.43333333
19750809	1975	8	10	19	0	50.11666667
19750809	1975	8	10	20	0	46.8
19750809	1975	8	10	21	0	45.21666667
19750809	1975	8	10	22	0	43.63333333
19750809	1975	8	10	23	0	42.05
19750809	1975	8	11	0	0	40.46666667
19750809	1975	8	11	1	0	38.88333333
19750809	1975	8	11	2	0	37.3
19750809	1975	8	11	3	0	35.71666667
19750809	1975	8	11	4	0	34.13333333
19750809	1975	8	11	5	0	32.55
19750809	1975	8	11	6	0	30.96666667
19750809	1975	8	11	7	0	29.38333333
19750809	1975	8	11	8	0	27.8
19750809	1975	8	11	9	0	27.12916667
19750809	1975	8	11	10	0	26.45833333
19750809	1975	8	11	11	0	25.7875
19750809	1975	8	11	12	0	25.11666667
19750809	1975	8	11	13	0	24.44583333
19750809	1975	8	11	14	0.014102564	23.775
19750809	1975	8	11	15	0.014102564	23.10416667
19750809	1975	8	11	16	0.014102564	22.43333333
19750809	1975	8	11	17	0.014102564	21.7625
19750809	1975	8	11	18	0.014102564	21.09166667
19750809	1975	8	11	19	0.014102564	20.42083333
19750809	1975	8	11	20	0	19.75
19750809	1975	8	11	21	0	19.07916667
19750809	1975	8	11	22	0	18.40833333
19760531	1976	5	31	14	1.565	1.54
19760531	1976	5	31	15	1.956	5.535
19760531	1976	5	31	16	1.752	9.53
19760531	1976	5	31	17	1.378	12.615
19760531	1976	5	31	18	1.344	15.7
19760531	1976	5	31	19	1.344	39.9
19760531	1976	5	31	20	0.011	51.6
19760531	1976	5	31	21	0.011	59.2
19760531	1976	5	31	22	0.011	61.4
19760531	1976	5	31	23	0.011	58.1
19760531	1976	6	1	0	0	50.5
19760531	1976	6	1	1	0	46.25
19760531	1976	6	1	2	0	42
19760531	1976	6	1	3	0	39.06666667
19760531	1976	6	1	4	0	36.13333333
19760531	1976	6	1	5	0	33.2
19760531	1976	6	1	6	0	30.26666667
19760531	1976	6	1	7	0	27.33333333
19760531	1976	6	1	8	0	24.4
19760531	1976	6	1	9	0	22.63333333
19760531	1976	6	1	10	0	20.86666667
19760531	1976	6	1	11	0	19.1
19760531	1976	6	1	12	0	17.33333333
19760531	1976	6	1	13	0	15.56666667
19760531	1976	6	1	14	0	13.8
19760531	1976	6	1	15	0	13.08833333
19760531	1976	6	1	16	0	12.37666667
19760531	1976	6	1	17	0	11.665
19770710	1977	7	10	17	0.993666667	4.8395
19770710	1977	7	10	18	10.51066667	4.315
19770710	1977	7	10	19	11.14766667	6.7075
19770710	1977	7	10	20	15.46866667	9.1
19770710	1977	7	10	21	2.176666667	12.4
19770710	1977	7	10	22	4.160666667	15.7
19770710	1977	7	10	23	2.822666667	200.5
19770710	1977	7	11	0	3.792666667	163.75
19770710	1977	7	11	1	3.133666667	127
19770710	1977	7	11	2	2.681	80.2
19770710	1977	7	11	3	0.945	74.4
19770710	1977	7	11	4	0.945	68.6
19770710	1977	7	11	5	0.327666667	62.8
19770710	1977	7	11	6	0.327666667	64.75
19770710	1977	7	11	7	0.344666667	66.7
19770710	1977	7	11	8	0.082	58.9
19770710	1977	7	11	9	0.082	53.88333333
19770710	1977	7	11	10	0.082	48.86666667
19770710	1977	7	11	11	0.117666667	43.85
19770710	1977	7	11	12	0.084666667	38.83333333
19770710	1977	7	11	13	0.084666667	33.81666667
19770710	1977	7	11	14	0	28.8
19770710	1977	7	11	15	0	26.61666667
19770710	1977	7	11	16	0	24.43333333
19770710	1977	7	11	17	0	22.25
19770710	1977	7	11	18	0.0165	20.06666667
19770710	1977	7	11	19	0.0165	17.88333333
19770718	1977	7	18	12	11.75933333	4.8
19770718	1977	7	18	13	8.681333333	37.6
19770718	1977	7	18	14	1.970666667	65.7
19770718	1977	7	18	15	1.860666667	93.8
19770718	1977	7	18	16	1.724666667	161.5
19770718	1977	7	18	17	0.513	192
19770718	1977	7	18	18	0.381	168
19770718	1977	7	18	19	0.213	148.5
19770718	1977	7	18	20	0	129
19770718	1977	7	18	21	0	116.8166667
19770718	1977	7	18	22	0	104.6333333
19770718	1977	7	18	23	0	92.45
19770718	1977	7	19	0	0	80.26666667
19770718	1977	7	19	1	0	68.08333333
19770718	1977	7	19	2	0	55.9
19770718	1977	7	19	3	0	51.55
19770718	1977	7	19	4	0	47.2
19770718	1977	7	19	5	0	42.85
19770718	1977	7	19	6	0	38.5
19770718	1977	7	19	7	0	34.15
19770718	1977	7	19	8	0	29.8
19770718	1977	7	19	9	0	28.39166667
19770718	1977	7	19	10	0	26.98333333
19770718	1977	7	19	11	0	25.575
19770718	1977	7	19	12	0	24.16666667
19770718	1977	7	19	13	0	22.75833333
19770718	1977	7	19	14	0	21.35
19770718	1977	7	19	15	0	19.94166667
19770718	1977	7	19	16	0	18.53333333
19770718	1977	7	19	17	0	17.125
19770718	1977	7	19	18	0	15.71666667
19770718	1977	7	19	19	0	14.30833333
19770812	1977	8	12	8	17.44133333	1.48
19770812	1977	8	12	9	8.086333333	7.05
19770812	1977	8	12	10	4.315333333	61.5
19770812	1977	8	12	11	3.075	63.7
19770812	1977	8	12	12	2.781	55.9
19770812	1977	8	12	13	2.781	85.1
19770812	1977	8	12	14	0.41	85.1
19770812	1977	8	12	15	0.41	77.23333333
19770812	1977	8	12	16	0.41	69.36666667
19770812	1977	8	12	17	0.07	61.5
19770812	1977	8	12	18	0.131	55.96666667
19770812	1977	8	12	19	0.131	50.43333333
19770812	1977	8	12	20	0.007333333	44.9
19770812	1977	8	12	21	0.007333333	41.76666667
19770812	1977	8	12	22	0.007333333	38.63333333
19770812	1977	8	12	23	0.007333333	35.5
19770812	1977	8	13	0	0	32.36666667
19770812	1977	8	13	1	0	29.23333333
19770812	1977	8	13	2	0.011	26.1
19770812	1977	8	13	3	0.011	22.96666667
19770812	1977	8	13	4	0.011	19.83333333
19770812	1977	8	13	5	0	16.7
19770812	1977	8	13	6	0	15.83333333
19770812	1977	8	13	7	0.033	14.96666667
19770812	1977	8	13	8	0	14.1
19790715	1979	7	15	12	9.47	2.59
19790715	1979	7	15	13	2.325	6.9
19790715	1979	7	15	14	5.563	12.1
19790715	1979	7	15	15	4.227	17.3
19790715	1979	7	15	16	0.801	35.9
19790715	1979	7	15	17	1.446333333	54.5
19790715	1979	7	15	18	1.446333333	66.5
19790715	1979	7	15	19	1.446333333	75.9
19790715	1979	7	15	20	0.077666667	75.9
19790715	1979	7	15	21	0.077666667	65.75
19790715	1979	7	15	22	0.005666667	55.6
19790715	1979	7	15	23	0	51.85714286
19790715	1979	7	16	0	0	48.11428571
19790715	1979	7	16	1	0	44.37142857
19790715	1979	7	16	2	0.020333333	40.62857143
19790715	1979	7	16	3	0.020333333	36.88571429
19790715	1979	7	16	4	0.020333333	33.14285714
19790715	1979	7	16	5	0.035	29.4
19790715	1979	7	16	6	0.035	26.9
19790715	1979	7	16	7	0.035	24.4
19790715	1979	7	16	8	0	21.9
19790715	1979	7	16	9	0	18.5
19790715	1979	7	16	10	0	17.6375
19790715	1979	7	16	11	0	16.775
19790912	1979	9	12	10	4.186	4.94
19790912	1979	9	12	11	3.094	6.55
19790912	1979	9	12	12	2.025	18.6
19790912	1979	9	12	13	1.717	31.63333333
19790912	1979	9	12	14	1.765666667	44.66666667
19790912	1979	9	12	15	2.029666667	57.7
19790912	1979	9	12	16	1.721666667	59.9
19790912	1979	9	12	17	4.065	60.175
19790912	1979	9	12	18	3.745	60.45
19790912	1979	9	12	19	4.931	65.4
19790912	1979	9	12	20	2.879	69.9
19790912	1979	9	12	21	2.22	80.7
19790912	1979	9	12	22	1.319	102.35
19790912	1979	9	12	23	0.496	124
19790912	1979	9	13	0	0.496	131
19790912	1979	9	13	1	0.496	127
19790912	1979	9	13	2	0	115.86
19790912	1979	9	13	3	0.61	104.72
19790912	1979	9	13	4	0.61	93.58
19790912	1979	9	13	5	0.984666667	82.44
19790912	1979	9	13	6	0.984666667	71.3
19790912	1979	9	13	7	0.984666667	65.8
19790912	1979	9	13	8	2.243	60.3
19790912	1979	9	13	9	1.997	57.3
19790912	1979	9	13	10	1.057	54.3
19790912	1979	9	13	11	1.238	55.75
19790912	1979	9	13	12	1.238	57.2
19790912	1979	9	13	13	1.238	62.6
19790912	1979	9	13	14	0.766666667	68
19790912	1979	9	13	15	0.766666667	70.2
19790912	1979	9	13	16	0.766666667	72.4
19790912	1979	9	13	17	0.79	74.6
19790912	1979	9	13	18	0.79	74.6
19790912	1979	9	13	19	0.79	74.6
19790912	1979	9	13	20	0.173666667	72.4
19790912	1979	9	13	21	0.173666667	71.3
19790912	1979	9	13	22	0.173666667	70.2
19790912	1979	9	13	23	0.887333333	68.21428571
19790912	1979	9	14	0	0.887333333	66.22857143
19790912	1979	9	14	1	0.887333333	64.24285714
19790912	1979	9	14	2	0.184333333	62.25714286
19790912	1979	9	14	3	0.072333333	60.27142857
19790912	1979	9	14	4	0.184333333	58.28571429
19790912	1979	9	14	5	0.116	56.3
19790912	1979	9	14	6	0.1245	54.3
19790912	1979	9	14	7	0.1245	52.3
19790912	1979	9	14	8	0.737833333	52.3
19790912	1979	9	14	9	0.737833333	50.41111111
19790912	1979	9	14	10	0.325333333	48.52222222
19790912	1979	9	14	11	0	46.63333333
19790912	1979	9	14	12	0	44.74444444
19790912	1979	9	14	13	0.226	42.85555556
19790912	1979	9	14	14	0.026333333	40.96666667
19790912	1979	9	14	15	0.026333333	39.07777778
19790912	1979	9	14	16	0.026333333	37.18888889
19790912	1979	9	14	17	0	35.3
19790912	1979	9	14	18	0.067	33.9
19790912	1979	9	14	19	0.067	32.5
19790912	1979	9	14	20	0.309666667	31.1
19790912	1979	9	14	21	0.309666667	30.33333333
19790912	1979	9	14	22	0.309666667	29.56666667
19790912	1979	9	14	23	0.820666667	28.8
19790912	1979	9	15	0	0.820666667	27.7
19790912	1979	9	15	1	0.820666667	26.6
19790912	1979	9	15	2	0.482	25.5
19790912	1979	9	15	3	0.482	25
19790912	1979	9	15	4	0.482	24.5
19790912	1979	9	15	5	0.529333333	24
19790912	1979	9	15	6	0.571333333	24.2
19790912	1979	9	15	7	0.571333333	24.4
19790912	1979	9	15	8	4.09	24.8
19790912	1979	9	15	9	4.716	28.83333333
19790912	1979	9	15	10	2.968	32.86666667
19790912	1979	9	15	11	1.396666667	36.9
19790912	1979	9	15	12	1.396666667	52.925
19790912	1979	9	15	13	1.396666667	68.95
19790912	1979	9	15	14	1.399333333	84.975
19790912	1979	9	15	15	1.399333333	101
19790912	1979	9	15	16	1.399333333	104
19790912	1979	9	15	17	0.755	100
19790912	1979	9	15	18	0.755	98.8
19790912	1979	9	15	19	0.755	98.8
19790912	1979	9	15	20	0.029666667	96.4
19790912	1979	9	15	21	0.029666667	91.1
19790912	1979	9	15	22	0.029666667	85.8
19790912	1979	9	15	23	0.027166667	76.9
19790912	1979	9	16	0	0.018666667	68
19790912	1979	9	16	1	0.018666667	63.9
19790912	1979	9	16	2	0.018666667	59.8
19790912	1979	9	16	3	0.018666667	55.7
19790912	1979	9	16	4	0.018666667	51.6
19790912	1979	9	16	5	0.040666667	47.5
19790912	1979	9	16	6	0.018666667	44.76666667
19790912	1979	9	16	7	0.018666667	42.03333333
19790912	1979	9	16	8	0	39.3
19790912	1979	9	16	9	0.028	37.68888889
19790912	1979	9	16	10	0	36.07777778
19790912	1979	9	16	11	0	34.46666667
19790912	1979	9	16	12	0	32.85555556
19790912	1979	9	16	13	0	31.24444444
19790912	1979	9	16	14	0	29.63333333
19790912	1979	9	16	15	0	28.02222222
19790912	1979	9	16	16	0	26.41111111
19790912	1979	9	16	17	0	24.8
19800624	1980	6	23	14	9.587	1.59
19800624	1980	6	23	15	5.546	10.545
19800624	1980	6	23	16	4.428	19.5
19800624	1980	6	23	17	4.228	46.35
19800624	1980	6	23	18	5.593	73.2
19800624	1980	6	23	19	6.914	169
19800624	1980	6	23	20	4.41	168
19800624	1980	6	23	21	2.0595	168
19800624	1980	6	23	22	2.0595	171
19800624	1980	6	23	23	2.069	190.3333333
19800624	1980	6	24	0	2.069	188
19800624	1980	6	24	1	3.863	168
19800624	1980	6	24	2	5.0795	148
19800624	1980	6	24	3	5.9295	128
19800624	1980	6	24	4	4.4875	121
19800624	1980	6	24	5	3.2185	134
19800624	1980	6	24	6	1.3545	193.5
19800624	1980	6	24	7	3.6255	253
19800624	1980	6	24	8	2.4995	251
19800624	1980	6	24	9	4.4905	221.5
19800624	1980	6	24	10	3.1835	192
19800624	1980	6	24	11	1.980833333	181
19800624	1980	6	24	12	1.980833333	176
19800624	1980	6	24	13	1.980833333	208
19800624	1980	6	24	14	0.485666667	212
19800624	1980	6	24	15	0.485666667	195
19800624	1980	6	24	16	0.485666667	178
19800624	1980	6	24	17	0.204	157
19800624	1980	6	24	18	0.176	136
19800624	1980	6	24	19	0.176	115
19800624	1980	6	24	20	0	103.3666667
19800624	1980	6	24	21	0	91.73333333
19800624	1980	6	24	22	0	80.1
19800624	1980	6	24	23	0	73.425
19800624	1980	6	25	0	0	66.75
19800624	1980	6	25	1	0	60.075
19800624	1980	6	25	2	0	53.4
19800624	1980	6	25	3	0	50.23333333
19800624	1980	6	25	4	0	47.06666667
19800624	1980	6	25	5	0	43.9
19800624	1980	6	25	6	0	40.73333333
19800624	1980	6	25	7	0	37.56666667
19800624	1980	6	25	8	0	34.4
19800624	1980	6	25	9	0	32.83333333
19800624	1980	6	25	10	0	31.26666667
19800624	1980	6	25	11	0	29.7
19800624	1980	6	25	12	0	28.13333333
19800624	1980	6	25	13	0	26.56666667
19800624	1980	6	25	14	0	25
19800624	1980	6	25	15	0	23.43333333
19800802	1980	8	1	22	4.805333333	6.2
19800802	1980	8	1	23	10.213	8.825
19800802	1980	8	2	0	7.338	11.45
19800802	1980	8	2	1	5.428	14.075
19800802	1980	8	2	2	0.5065	16.7
19800802	1980	8	2	3	0.5065	21
19800802	1980	8	2	4	0.5065	77.7
19800802	1980	8	2	5	0.5255	127
19800802	1980	8	2	6	0.5255	125
19800802	1980	8	2	7	0.5255	97.4
19800802	1980	8	2	8	0.080166667	80.1
19800802	1980	8	2	9	0.136166667	68.6
19800802	1980	8	2	10	0.136166667	62.4
19800802	1980	8	2	11	0.033166667	56.2
19800802	1980	8	2	12	0.033166667	52.3
19800802	1980	8	2	13	0.033166667	48.4
19800802	1980	8	2	14	0	44.5
19800802	1980	8	2	15	0	40.6
19800802	1980	8	2	16	0	36.7
19800802	1980	8	2	17	0.022	32.8
19800802	1980	8	2	18	0	30.71666667
19800802	1980	8	2	19	0	28.63333333
19800802	1980	8	2	20	0	26.55
19800802	1980	8	2	21	0	24.46666667
19800802	1980	8	2	22	0	22.38333333
19800802	1980	8	2	23	0	20.3
19800802	1980	8	3	0	0	19.7
19800908	1980	9	8	4	3.2635	7.38
19800908	1980	9	8	5	3.0465	8.11
19800908	1980	9	8	6	3.0855	8.84
19800908	1980	9	8	7	3.3225	9.57
19800908	1980	9	8	8	2.2775	10.3
19800908	1980	9	8	9	3.2545	15.9
19800908	1980	9	8	10	2.8265	28.7
19800908	1980	9	8	11	1.7855	50.6
19800908	1980	9	8	12	1.7855	80.8
19800908	1980	9	8	13	1.7855	111
19800908	1980	9	8	14	0.601833333	128
19800908	1980	9	8	15	0.601833333	137
19800908	1980	9	8	16	0.601833333	134
19800908	1980	9	8	17	0.1515	124
19800908	1980	9	8	18	0.1515	114.4571429
19800908	1980	9	8	19	0.1515	104.9142857
19800908	1980	9	8	20	0.066	95.37142857
19800908	1980	9	8	21	0.072	85.82857143
19800908	1980	9	8	22	0.089	76.28571429
19800908	1980	9	8	23	0.085	66.74285714
19800908	1980	9	9	0	0.055333333	57.2
19800908	1980	9	9	1	0.055333333	52.45
19800908	1980	9	9	2	0.011166667	47.7
19800908	1980	9	9	3	0.011166667	45.35
19800908	1980	9	9	4	0.011166667	43
19800908	1980	9	9	5	0.0055	40.65
19800908	1980	9	9	6	0.0055	38.3
19800908	1980	9	9	7	0.0055	35.95
19800908	1980	9	9	8	0	33.6
19800908	1980	9	9	9	0	32.53333333
19800908	1980	9	9	10	0	31.46666667
19800908	1980	9	9	11	0	30.4
19800908	1980	9	9	12	0	29.07777778
19800908	1980	9	9	13	0	27.75555556
19811006	1981	10	5	23	0.642333333	9.51
19811006	1981	10	6	0	0.642333333	9.51
19811006	1981	10	6	1	1.351833333	10.505
19811006	1981	10	6	2	2.193	11.5
19811006	1981	10	6	3	2.391	18.56666667
19811006	1981	10	6	4	2.743	25.63333333
19811006	1981	10	6	5	2.646333333	32.7
19811006	1981	10	6	6	2.504333333	45.76666667
19811006	1981	10	6	7	1.753333333	58.83333333
19811006	1981	10	6	8	0.934333333	71.9
19811006	1981	10	6	9	0.934333333	89.5
19811006	1981	10	6	10	0.934333333	94.1
19811006	1981	10	6	11	0.802666667	92.9
19811006	1981	10	6	12	0.785666667	86.11666667
19811006	1981	10	6	13	0.785666667	79.33333333
19811006	1981	10	6	14	0.2265	72.55
19811006	1981	10	6	15	0.2265	65.76666667
19811006	1981	10	6	16	0.2655	58.98333333
19811006	1981	10	6	17	0.343833333	52.2
19811006	1981	10	6	18	0.428833333	47.63333333
19811006	1981	10	6	19	0.428833333	43.06666667
19811006	1981	10	6	20	1.4945	38.5
19811006	1981	10	6	21	1.4945	36.25
19811006	1981	10	6	22	1.4945	34
19811006	1981	10	6	23	2.482833333	31.75
19811006	1981	10	7	0	2.482833333	29.5
19811006	1981	10	7	1	1.652833333	29.1
19811006	1981	10	7	2	1.097666667	28.7
19811006	1981	10	7	3	1.097666667	35.66
19811006	1981	10	7	4	1.097666667	42.62
19811006	1981	10	7	5	0.686333333	49.58
19811006	1981	10	7	6	0.686333333	56.54
19811006	1981	10	7	7	0.686333333	63.5
19811006	1981	10	7	8	0.058333333	63.5
19811006	1981	10	7	9	0.002333333	62.4
19811006	1981	10	7	10	0.002333333	58.675
19811006	1981	10	7	11	0.002333333	54.95
19811006	1981	10	7	12	0.013333333	51.225
19811006	1981	10	7	13	0.013333333	47.5
19811006	1981	10	7	14	0.073833333	43.775
19811006	1981	10	7	15	0.116333333	40.05
19811006	1981	10	7	16	0.083333333	36.325
19811006	1981	10	7	17	0.0635	32.6
19811006	1981	10	7	18	0.0855	30.53333333
19811006	1981	10	7	19	0.0855	28.46666667
19811006	1981	10	7	20	0.1615	26.4
19811006	1981	10	7	21	0.1615	25.53333333
19811006	1981	10	7	22	0.1285	24.66666667
19811006	1981	10	7	23	0.122166667	23.8
19811006	1981	10	8	0	0.0825	22.93333333
19811006	1981	10	8	1	0.0945	22.06666667
19811006	1981	10	8	2	0.0305	21.2
19811006	1981	10	8	3	0.0305	20.33333333
19811006	1981	10	8	4	0.022	19.46666667
19811006	1981	10	8	5	0.129333333	18.6
19811006	1981	10	8	6	0.129333333	17.73333333
19811006	1981	10	8	7	0.129333333	16.86666667
19811006	1981	10	8	8	0.066	16
19811006	1981	10	8	9	0.066	15.63416667
19820730	1982	7	29	0	1.20184058	5.69
19820730	1982	7	29	1	0.60784058	10.645
19820730	1982	7	29	2	0.61284058	15.6
19820730	1982	7	29	3	0.61284058	30.55
19820730	1982	7	29	4	0.61284058	45.5
19820730	1982	7	29	5	0.22259058	44.025
19820730	1982	7	29	6	0.22259058	42.55
19820730	1982	7	29	7	0.22259058	45.5
19820730	1982	7	29	8	0.111923913	44.6
19820730	1982	7	29	9	0.143347826	42.28333333
19820730	1982	7	29	10	0.143347826	39.96666667
19820730	1982	7	29	11	0.154347826	37.65
19820730	1982	7	29	12	0.154347826	35.33333333
19820730	1982	7	29	13	0.1045	33.01666667
19820730	1982	7	29	14	1.228847826	30.7
19820730	1982	7	29	15	0.964847826	29.53333333
19820730	1982	7	29	16	0.210847826	28.36666667
19820730	1982	7	29	17	6.234673913	27.2
19820730	1982	7	29	18	5.734673913	67.45
19820730	1982	7	29	19	3.776347826	303
19820730	1982	7	29	20	3.955847826	145
19820730	1982	7	29	21	5.455173913	181.4285714
19820730	1982	7	29	22	11.65317391	348
19820730	1982	7	29	23	14.86617391	382.5
19820730	1982	7	30	0	2.1125	424
19820730	1982	7	30	1	1.1605	568
19820730	1982	7	30	2	0.446333333	451.5
19820730	1982	7	30	3	0.446333333	335
19820730	1982	7	30	4	0.113333333	241
19820730	1982	7	30	5	0	182
19820730	1982	7	30	6	7.16	163.5
19820730	1982	7	30	7	6.446	145
19820730	1982	7	30	8	2.084	138
19820730	1982	7	30	9	0.764	141
19820730	1982	7	30	10	2.743	154
19820730	1982	7	30	11	1.423666667	195
19820730	1982	7	30	12	2.469666667	190
19820730	1982	7	30	13	1.665666667	173.5
19820730	1982	7	30	14	0.232	157
19820730	1982	7	30	15	0.121	152.5
19820730	1982	7	30	16	0.215	148
19820730	1982	7	30	17	0.0555	138
19820730	1982	7	30	18	0.0385	128
19820730	1982	7	30	19	0.028	118
19820730	1982	7	30	20	0.450666667	103
19820730	1982	7	30	21	0.433666667	95.35
19820730	1982	7	30	22	0.433666667	87.7
19820730	1982	7	30	23	7.898	80.05
19820730	1982	7	31	0	4.088	72.4
19820730	1982	7	31	1	1.156	78.7
19820730	1982	7	31	2	1.267083333	85
19820730	1982	7	31	3	0.485166667	100.3333333
19820730	1982	7	31	4	0.534083333	115.6666667
19820730	1982	7	31	5	0.099833333	131
19820730	1982	7	31	6	0.110833333	127.5
19820730	1982	7	31	7	0.110833333	124
19820730	1982	7	31	8	0	113
19820730	1982	7	31	9	0	105.2
19820730	1982	7	31	10	0	97.4
19820730	1982	7	31	11	0	89.6
19820730	1982	7	31	12	0.3365	81.8
19820730	1982	7	31	13	2.1215	74
19820730	1982	7	31	14	4.391	66.2
19820730	1982	7	31	15	5.556	66.7
19820730	1982	7	31	16	2.084	80.86
19820730	1982	7	31	17	0.133666667	95.02
19820730	1982	7	31	18	0.133666667	109.18
19820730	1982	7	31	19	0.133666667	123.34
19820730	1982	7	31	20	0.0365	137.5
19820730	1982	7	31	21	0.0085	126.1333333
19820730	1982	7	31	22	0	114.7666667
19820730	1982	7	31	23	0.005666667	103.4
19820730	1982	8	1	0	0.005666667	92.03333333
19820730	1982	8	1	1	0.005666667	80.66666667
19820730	1982	8	1	2	0	69.3
19820730	1982	8	1	3	0	65.46666667
19820730	1982	8	1	4	0	61.63333333
19820730	1982	8	1	5	0	57.8
19820730	1982	8	1	6	0	53.96666667
19820730	1982	8	1	7	0	50.13333333
19820730	1982	8	1	8	0	46.3
19820730	1982	8	1	9	0	44.3
19820730	1982	8	1	10	0	42.3
19820730	1982	8	1	11	0	40.3
19820730	1982	8	1	12	0	38.3
19820730	1982	8	1	13	0.033	36.3
19820730	1982	8	1	14	0	34.3
19820730	1982	8	1	15	0	32.3
19820730	1982	8	1	16	0	30.3
19820824	1982	8	23	8	0	11.9
19820824	1982	8	23	9	1.939	12.11666667
19820824	1982	8	23	10	5.194	12.33333333
19820824	1982	8	23	11	2.878	12.55
19820824	1982	8	23	12	3.826	12.76666667
19820824	1982	8	23	13	1.332	12.98333333
19820824	1982	8	23	14	2.195333333	13.2
19820824	1982	8	23	15	1.740833333	17.45
19820824	1982	8	23	16	2.070833333	21.7
19820824	1982	8	23	17	3.84	33.875
19820824	1982	8	23	18	2.73	46.05
19820824	1982	8	23	19	3.875	58.225
19820824	1982	8	23	20	4.248	70.4
19820824	1982	8	23	21	3.583	102.9142857
19820824	1982	8	23	22	5.593	135.4285714
19820824	1982	8	23	23	5.999	167.9428571
19820824	1982	8	24	0	3.925	200.4571429
19820824	1982	8	24	1	1.529	232.9714286
19820824	1982	8	24	2	4.574	265.4857143
19820824	1982	8	24	3	4.614	298
19820824	1982	8	24	4	0.928	300
19820824	1982	8	24	5	0.749	282
19820824	1982	8	24	6	2.035	274
19820824	1982	8	24	7	1.173	254
19820824	1982	8	24	8	1.7525	219
19820824	1982	8	24	9	1.5985	196
19820824	1982	8	24	10	2.864	187
19820824	1982	8	24	11	2.658	178
19820824	1982	8	24	12	2.32	169
19820824	1982	8	24	13	1.507	172
19820824	1982	8	24	14	0.776333333	179
19820824	1982	8	24	15	0.776333333	186
19820824	1982	8	24	16	0.776333333	188
19820824	1982	8	24	17	0.0305	181
19820824	1982	8	24	18	0.0305	167
19820824	1982	8	24	19	0.022	153
19820824	1982	8	24	20	0	139
19820824	1982	8	24	21	0	125.275
19820824	1982	8	24	22	0	111.55
19820824	1982	8	24	23	0	97.825
19820824	1982	8	25	0	0	84.1
19820824	1982	8	25	1	0	79.25
19820824	1982	8	25	2	0	74.4
19820824	1982	8	25	3	0	69.55
19820824	1982	8	25	4	0	64.7
19820824	1982	8	25	5	0	59.85
19820824	1982	8	25	6	0	55
19820824	1982	8	25	7	0	50.15
19820824	1982	8	25	8	0	45.3
19820824	1982	8	25	9	0	43.33333333
19820824	1982	8	25	10	0	41.36666667
19820824	1982	8	25	11	0	39.4
19820824	1982	8	25	12	0	37.43333333
19820824	1982	8	25	13	0	35.46666667
19820824	1982	8	25	14	0	33.5
19820824	1982	8	25	15	0	31.53333333
19820824	1982	8	25	16	0	29.56666667
19820824	1982	8	25	17	0	27.6
19820824	1982	8	25	18	0	25.63333333
19820824	1982	8	25	19	0	23.66666667
19820824	1982	8	25	20	0	21.7
19820824	1982	8	25	21	0	20.86666667
19820824	1982	8	25	22	0	20.03333333
19820824	1982	8	25	23	0	19.2
19820824	1982	8	26	0	0	18.36666667
19820824	1982	8	26	1	0	17.53333333
19820824	1982	8	26	2	0	16.7
19820824	1982	8	26	3	0	16.33333333
19820824	1982	8	26	4	0	15.96666667
19820824	1982	8	26	5	0	15.6
19820824	1982	8	26	6	0	15.23333333
19820824	1982	8	26	7	0	14.86666667
19820824	1982	8	26	8	0	14.5
19820824	1982	8	26	9	0	14.14166667
19820824	1982	8	26	10	0	13.78333333
19820824	1982	8	26	11	0	13.425
19820824	1982	8	26	12	0	13.06666667
19820824	1982	8	26	13	0	12.70833333
19820824	1982	8	26	14	0	12.35
19820824	1982	8	26	15	0	11.99166667
19820824	1982	8	26	16	0	11.63333333
19820824	1982	8	26	17	0	11.275
19820824	1982	8	26	18	0	10.91666667
19820824	1982	8	26	19	0	10.55833333
19820824	1982	8	26	20	0	10.2
19830916	1983	9	15	8	2.672666667	3.99
19830916	1983	9	15	9	0.837166667	3.96
19830916	1983	9	15	10	1.013166667	3.93
19830916	1983	9	15	11	2.012	3.9
19830916	1983	9	15	12	5.573	3.87
19830916	1983	9	15	13	2.314	3.84
19830916	1983	9	15	14	3.662	3.81
19830916	1983	9	15	15	7.212	3.99
19830916	1983	9	15	16	9.163	4.71
19830916	1983	9	15	17	2.367	7.29
19830916	1983	9	15	18	2.6285	24.295
19830916	1983	9	15	19	5.7685	41.3
19830916	1983	9	15	20	1.395333333	74.4
19830916	1983	9	15	21	0.369333333	133.5
19830916	1983	9	15	22	0.117333333	138
19830916	1983	9	15	23	0.017	142
19830916	1983	9	16	0	0.017	174
19830916	1983	9	16	1	0	150.6666667
19830916	1983	9	16	2	0	127.3333333
19830916	1983	9	16	3	0	104
19830916	1983	9	16	4	0	94.35
19830916	1983	9	16	5	0.228	84.7
19830916	1983	9	16	6	0.228	75.05
19830916	1983	9	16	7	0.261	65.4
19830916	1983	9	16	8	0.056	57.2
19830916	1983	9	16	9	0	54.46
19830916	1983	9	16	10	0	51.72
19830916	1983	9	16	11	0	48.98
19830916	1983	9	16	12	0	46.24
19830916	1983	9	16	13	0	43.5
19830916	1983	9	16	14	0.3055	40.76
19830916	1983	9	16	15	0.2035	38.02
19830916	1983	9	16	16	1.4405	35.28
19830916	1983	9	16	17	1.152166667	32.54
19830916	1983	9	16	18	0.536166667	29.8
19830916	1983	9	16	19	0.294166667	29.1
19830916	1983	9	16	20	0	28.4
19830916	1983	9	16	21	0	28.225
19830916	1983	9	16	22	0	28.05
19830916	1983	9	16	23	0	27.875
19830916	1983	9	17	0	0.056	27.7
19830916	1983	9	17	1	0	26.9625
19830916	1983	9	17	2	0.011	26.225
19830916	1983	9	17	3	0.011	25.4875
19830916	1983	9	17	4	0	24.75
19830916	1983	9	17	5	0	24.0125
19830916	1983	9	17	6	0	23.275
19830916	1983	9	17	7	0	22.5375
19830916	1983	9	17	8	0	21.8
19830916	1983	9	17	9	0	21.39444444
19830916	1983	9	17	10	0	20.98888889
19830916	1983	9	17	11	0	20.58333333
19830916	1983	9	17	12	0	20.17777778
19830916	1983	9	17	13	0	19.77222222
19830916	1983	9	17	14	0	19.36666667
19830916	1983	9	17	15	0	18.96111111
19830916	1983	9	17	16	0	18.55555556
19830916	1983	9	17	17	0	18.15
19830916	1983	9	17	18	0	17.74444444
19830916	1983	9	17	19	0	17.33888889
19830916	1983	9	17	20	0	16.93333333
19830916	1983	9	17	21	0	16.52777778
19830916	1983	9	17	22	0	16.12222222
19830916	1983	9	17	23	0	15.71666667
19830916	1983	9	18	0	0	15.31111111
19830916	1983	9	18	1	0	14.90555556
19830916	1983	9	18	2	0	14.5
19830916	1983	9	18	3	0	14.26666667
19830916	1983	9	18	4	0	14.03333333
19830916	1983	9	18	5	0	13.8
19830916	1983	9	18	6	0	13.56666667
19830916	1983	9	18	7	0	13.33333333
19830916	1983	9	18	8	0	13.1
19830916	1983	9	18	9	0	12.925
19830916	1983	9	18	10	0	12.75
19830916	1983	9	18	11	0	12.575
19830916	1983	9	18	12	0	12.4
19830916	1983	9	18	13	0	12.225
19830916	1983	9	18	14	0	12.05
19830916	1983	9	18	15	0	11.875
19830916	1983	9	18	16	0	11.7
19830916	1983	9	18	17	0	11.525
19830916	1983	9	18	18	0	11.35
19830916	1983	9	18	19	0	11.175
19830916	1983	9	18	20	0	11
19830916	1983	9	18	21	0	10.79555556
19831005	1983	10	4	20	3.597	1.19
19831005	1983	10	4	21	2.931	1.29
19831005	1983	10	4	22	5.013	1.39
19831005	1983	10	4	23	17.208	1.49
19831005	1983	10	5	0	11.29	1.59
19831005	1983	10	5	1	5.571	3.29
19831005	1983	10	5	2	1.881	8.82
19831005	1983	10	5	3	1.4305	247.5
19831005	1983	10	5	4	1.4305	208
19831005	1983	10	5	5	2.941333333	227
19831005	1983	10	5	6	1.523833333	199.3333333
19831005	1983	10	5	7	1.285833333	171.6666667
19831005	1983	10	5	8	6.912	144
19831005	1983	10	5	9	6.033	152.5
19831005	1983	10	5	10	6.803	161
19831005	1983	10	5	11	3.472333333	194
19831005	1983	10	5	12	4.098333333	255
19831005	1983	10	5	13	6.660333333	316
19831005	1983	10	5	14	4.387	350
19831005	1983	10	5	15	3.4305	357
19831005	1983	10	5	16	1.7615	375
19831005	1983	10	5	17	0.853333333	360
19831005	1983	10	5	18	0.853333333	345
19831005	1983	10	5	19	0.853333333	303.25
19831005	1983	10	5	20	0.618666667	261.5
19831005	1983	10	5	21	0.618666667	219.75
19831005	1983	10	5	22	0.618666667	178
19831005	1983	10	5	23	1.128	157.5
19831005	1983	10	6	0	1.128	137
19831005	1983	10	6	1	1.128	126
19831005	1983	10	6	2	0.833166667	115
19831005	1983	10	6	3	0.833166667	110.78
19831005	1983	10	6	4	2.498666667	106.56
19831005	1983	10	6	5	1.162666667	102.34
19831005	1983	10	6	6	2.295666667	98.12
19831005	1983	10	6	7	2.631666667	93.9
19831005	1983	10	6	8	0.799666667	106
19831005	1983	10	6	9	0.799666667	114
19831005	1983	10	6	10	0.799666667	118.5
19831005	1983	10	6	11	0.411	123
19831005	1983	10	6	12	0.411	120
19831005	1983	10	6	13	0.411	117
19831005	1983	10	6	14	0.968	112.3
19831005	1983	10	6	15	0.968	107.6
19831005	1983	10	6	16	0.968	102.9
19831005	1983	10	6	17	1.727666667	98.2
19831005	1983	10	6	18	0.957666667	93.5
19831005	1983	10	6	19	0.957666667	88.8
19831005	1983	10	6	20	0.192333333	88.8
19831005	1983	10	6	21	0.192333333	93.05
19831005	1983	10	6	22	0.192333333	97.3
19831005	1983	10	6	23	0.869333333	95
19831005	1983	10	7	0	0.869333333	91.8
19831005	1983	10	7	1	0.869333333	88.1125
19831005	1983	10	7	2	0.122	84.425
19831005	1983	10	7	3	0.045	80.7375
19831005	1983	10	7	4	0.028	77.05
19831005	1983	10	7	5	0	73.3625
19831005	1983	10	7	6	0	69.675
19831005	1983	10	7	7	0	65.9875
19831005	1983	10	7	8	0	62.3
19831005	1983	10	7	9	0	59.47777778
19831005	1983	10	7	10	0	56.65555556
19831005	1983	10	7	11	0	53.83333333
19831005	1983	10	7	12	0	51.01111111
19831005	1983	10	7	13	0	48.18888889
19831005	1983	10	7	14	0	45.36666667
19831005	1983	10	7	15	0	42.54444444
19831005	1983	10	7	16	0	39.72222222
19831005	1983	10	7	17	0	36.9
19831005	1983	10	7	18	0	35.4
19831005	1983	10	7	19	0	33.9
19831005	1983	10	7	20	0	32.4
19831005	1983	10	7	21	0	30.9
19831005	1983	10	7	22	0	29.4
19831005	1983	10	7	23	0	27.9
19831005	1983	10	8	0	0	26.4
19831005	1983	10	8	1	0	24.9
19831005	1983	10	8	2	0	23.4
19831005	1983	10	8	3	0	22.63333333
19831005	1983	10	8	4	0	21.86666667
19831005	1983	10	8	5	0	21.1
19831005	1983	10	8	6	0	20.33333333
19831005	1983	10	8	7	0	19.56666667
19831005	1983	10	8	8	0	18.8
19831005	1983	10	8	9	0	18.43166667
19831005	1983	10	8	10	0	18.06333333
19831005	1983	10	8	11	0	17.695
19831005	1983	10	8	12	0	17.32666667
19831005	1983	10	8	13	0	16.95833333
19831005	1983	10	8	14	0	16.59
19831005	1983	10	8	15	0	16.22166667
19831005	1983	10	8	16	0	15.85333333
19831005	1983	10	8	17	0	15.485
19831005	1983	10	8	18	0	15.11666667
19831005	1983	10	8	19	0	14.74833333
19831005	1983	10	8	20	0	14.38
19831005	1983	10	8	21	0	14.01166667
19831005	1983	10	8	22	0	13.64333333
19831005	1983	10	8	23	0	13.275
19831005	1983	10	9	0	0	12.90666667
19831005	1983	10	9	1	0	12.53833333
19831005	1983	10	9	2	0	12.17
19831005	1983	10	9	3	0	11.80166667
19831005	1983	10	9	4	0	11.43333333
19831005	1983	10	9	5	0	11.065
19831019	1983	10	18	4	1.377333333	7.51
19831019	1983	10	18	5	1.300666667	8.3325
19831019	1983	10	18	6	3.475666667	9.155
19831019	1983	10	18	7	1.832666667	9.9775
19831019	1983	10	18	8	2.508	10.8
19831019	1983	10	18	9	3.592	19.5
19831019	1983	10	18	10	3.664	28.2
19831019	1983	10	18	11	1.553	36.9
19831019	1983	10	18	12	1.553	54.1
19831019	1983	10	18	13	1.553	71.3
19831019	1983	10	18	14	1.392333333	98.4
19831019	1983	10	18	15	1.392333333	117.5
19831019	1983	10	18	16	1.392333333	117
19831019	1983	10	18	17	1.228666667	111
19831019	1983	10	18	18	1.228666667	109
19831019	1983	10	18	19	1.228666667	107
19831019	1983	10	18	20	0.794666667	105
19831019	1983	10	18	21	0.794666667	103
19831019	1983	10	18	22	0.794666667	99.06
19831019	1983	10	18	23	1.769666667	95.12
19831019	1983	10	19	0	1.769666667	91.18
19831019	1983	10	19	1	4.385666667	87.24
19831019	1983	10	19	2	4.522	83.3
19831019	1983	10	19	3	3.536	87.8
19831019	1983	10	19	4	2.535	105
19831019	1983	10	19	5	2.049333333	147
19831019	1983	10	19	6	2.049333333	220
19831019	1983	10	19	7	2.049333333	251
19831019	1983	10	19	8	0.349	226
19831019	1983	10	19	9	0.349	200
19831019	1983	10	19	10	0	174
19831019	1983	10	19	11	0	157.25
19831019	1983	10	19	12	0	140.5
19831019	1983	10	19	13	0	123.75
19831019	1983	10	19	14	0.14	107
19831019	1983	10	19	15	0.14	97.96666667
19831019	1983	10	19	16	0.14	88.93333333
19831019	1983	10	19	17	0.14	79.9
19831019	1983	10	19	18	0.14	75.75555556
19831019	1983	10	19	19	0.14	71.61111111
19831019	1983	10	19	20	0	67.46666667
19831019	1983	10	19	21	0	63.32222222
19831019	1983	10	19	22	0	59.17777778
19831019	1983	10	19	23	0	55.03333333
19831019	1983	10	20	0	0	50.88888889
19831019	1983	10	20	1	0	46.74444444
19831019	1983	10	20	2	0.004666667	42.6
19831019	1983	10	20	3	0.004666667	40.38333333
19831019	1983	10	20	4	0.004666667	38.16666667
19831019	1983	10	20	5	0.004666667	35.95
19831019	1983	10	20	6	0.004666667	33.73333333
19831019	1983	10	20	7	0.004666667	31.51666667
19831019	1983	10	20	8	0	29.3
19831019	1983	10	20	9	0	28.56111111
19831019	1983	10	20	10	0.022	27.82222222
19831019	1983	10	20	11	0	27.08333333
19831019	1983	10	20	12	0.0085	26.34444444
19831019	1983	10	20	13	0.0085	25.60555556
19831019	1983	10	20	14	0.017	24.86666667
19831019	1983	10	20	15	0	24.12777778
19831019	1983	10	20	16	0	23.38888889
19831019	1983	10	20	17	0.022	22.65
19831019	1983	10	20	18	0.121	21.91111111
19831019	1983	10	20	19	0	21.17222222
19831019	1983	10	20	20	0	20.43333333
19831019	1983	10	20	21	0	19.69444444
19831019	1983	10	20	22	0	18.95555556
19831019	1983	10	20	23	0	18.21666667
19831019	1983	10	21	0	0	17.47777778
19831019	1983	10	21	1	0	16.73888889
19831019	1983	10	21	2	0.352	16
19831019	1983	10	21	3	0.022	15.68333333
19831019	1983	10	21	4	0	15.36666667
19831019	1983	10	21	5	0	15.05
19831019	1983	10	21	6	0	14.73333333
19831019	1983	10	21	7	0	14.41666667
19831019	1983	10	21	8	0	14.1
19831019	1983	10	21	9	0	13.96666667
19831019	1983	10	21	10	0	13.83333333
19831019	1983	10	21	11	0	13.7
19831019	1983	10	21	12	0	13.56666667
19831019	1983	10	21	13	0	13.43333333
19831019	1983	10	21	14	0	13.3
19831019	1983	10	21	15	0	13.16666667
19831019	1983	10	21	16	0.138	13.03333333
19831019	1983	10	21	17	0	12.9
19831019	1983	10	21	18	0.254	12.76666667
19831019	1983	10	21	19	0.947	12.63333333
19831019	1983	10	21	20	0.408666667	12.5
19831019	1983	10	21	21	0.408666667	12.44166667
19831019	1983	10	21	22	0.408666667	12.38333333
19831019	1983	10	21	23	0.269833333	12.325
19831019	1983	10	22	0	0.269833333	12.26666667
19831019	1983	10	22	1	0.261333333	12.20833333
19831019	1983	10	22	2	0.183666667	12.15
19831019	1983	10	22	3	0.194666667	12.09166667
19831019	1983	10	22	4	0.194666667	12.03333333
19831019	1983	10	22	5	0.214166667	11.975
19831019	1983	10	22	6	0.236166667	11.91666667
19831019	1983	10	22	7	0.227666667	11.85833333
19831019	1983	10	22	8	0	11.8
19831019	1983	10	22	9	0	11.68833333
19831019	1983	10	22	10	0	11.57666667
19831019	1983	10	22	11	0	11.465
19831019	1983	10	22	12	0	11.35333333
19831019	1983	10	22	13	0	11.24166667
19831019	1983	10	22	14	0	11.13
19840613	1984	6	13	0	0.5675	0.6
19840613	1984	6	13	1	0.5675	0.72
19840613	1984	6	13	2	1.33	0.84
19840613	1984	6	13	3	2.308	0.96
19840613	1984	6	13	4	1.5	1.08
19840613	1984	6	13	5	0.987666667	3.26
19840613	1984	6	13	6	0.554166667	4.02
19840613	1984	6	13	7	0.554166667	4.65
19840613	1984	6	13	8	1.181	6.12
19840613	1984	6	13	9	3.095	9.71
19840613	1984	6	13	10	1.966	13.3
19840613	1984	6	13	11	0.866333333	26.8
19840613	1984	6	13	12	0.866333333	33.9
19840613	1984	6	13	13	1.361333333	41
19840613	1984	6	13	14	0.982	63.1
19840613	1984	6	13	15	0.982	73.8
19840613	1984	6	13	16	0.652	77.8
19840613	1984	6	13	17	0.690333333	84.05
19840613	1984	6	13	18	0.690333333	90.3
19840613	1984	6	13	19	0.690333333	84.68333333
19840613	1984	6	13	20	0.248166667	79.06666667
19840613	1984	6	13	21	0.248166667	73.45
19840613	1984	6	13	22	0.248166667	67.83333333
19840613	1984	6	13	23	0.2165	62.21666667
19840613	1984	6	14	0	0.1265	56.6
19840613	1984	6	14	1	0.1265	54.12
19840613	1984	6	14	2	0.0565	51.64
19840613	1984	6	14	3	0.0675	49.16
19840613	1984	6	14	4	0.0675	46.68
19840613	1984	6	14	5	0.020166667	44.2
19840613	1984	6	14	6	0.020166667	40.86666667
19840613	1984	6	14	7	0.020166667	37.53333333
19840613	1984	6	14	8	0	34.2
19840613	1984	6	14	9	0	32.75
19840613	1984	6	14	10	0	31.3
19840613	1984	6	14	11	0	29.85
19840613	1984	6	14	12	0.587	28.4
19840613	1984	6	14	13	0.587	26.95
19840613	1984	6	14	14	0.900333333	25.5
19840613	1984	6	14	15	0.900333333	33.25
19840613	1984	6	14	16	0.900333333	41
19840613	1984	6	14	17	0.1735	48.75
19840613	1984	6	14	18	0.1735	56.5
19840613	1984	6	14	19	0.091	22.7
19840613	1984	6	14	20	0.236666667	23.2
19840613	1984	6	14	21	0.236666667	24.575
19840613	1984	6	14	22	0.236666667	25.95
19840613	1984	6	14	23	0.033	27.325
19840613	1984	6	15	0	0	28.7
19840613	1984	6	15	1	0	28.4
19840613	1984	6	15	2	0	28.1
19840613	1984	6	15	3	0	27.66666667
19840613	1984	6	15	4	0	27.23333333
19840613	1984	6	15	5	0.007333333	26.8
19840613	1984	6	15	6	0.023833333	25.96666667
19840613	1984	6	15	7	0.023833333	25.13333333
19840613	1984	6	15	8	0	24.3
19840613	1984	6	15	9	0	24.55333333
19840613	1984	6	15	10	0	24.80666667
19840613	1984	6	15	11	0	25.06
19840613	1984	6	15	12	0	25.31333333
19840613	1984	6	15	13	0	25.56666667
19840613	1984	6	15	14	0	25.82
19840726	1984	7	26	0	3.9755	2.73
19840726	1984	7	26	1	2.5885	2.815
19840726	1984	7	26	2	1.675333333	2.9
19840726	1984	7	26	3	1.675333333	3.02
19840726	1984	7	26	4	3.096333333	3.14
19840726	1984	7	26	5	3.834	3.26
19840726	1984	7	26	6	4.198	4.02
19840726	1984	7	26	7	3.263	7.71
19840726	1984	7	26	8	1.860666667	11.4
19840726	1984	7	26	9	0.905866667	28.55
19840726	1984	7	26	10	0.619866667	45.7
19840726	1984	7	26	11	0	99
19840726	1984	7	26	12	0	99.55
19840726	1984	7	26	13	0	90.62
19840726	1984	7	26	14	0	81.69
19840726	1984	7	26	15	0	72.76
19840726	1984	7	26	16	0	63.83
19840726	1984	7	26	17	0.028	54.9
19840726	1984	7	26	18	0	49.2
19840726	1984	7	26	19	0	43.5
19840726	1984	7	26	20	0	37.8
19840726	1984	7	26	21	0	35.08333333
19840726	1984	7	26	22	0	32.36666667
19840726	1984	7	26	23	0	29.65
19840726	1984	7	27	0	0	26.93333333
19840726	1984	7	27	1	0	24.21666667
19840726	1984	7	27	2	0	21.5
19840726	1984	7	27	3	0	20.46666667
19840726	1984	7	27	4	0	19.43333333
19840726	1984	7	27	5	0.005666667	18.4
19840726	1984	7	27	6	0.005666667	17.36666667
19840726	1984	7	27	7	0.005666667	16.33333333
19840726	1984	7	27	8	0	15.3
19840726	1984	7	27	9	0	14.84777778
19840726	1984	7	27	10	0	14.39555556
19840726	1984	7	27	11	0	13.94333333
19840726	1984	7	27	12	0	13.49111111
19840726	1984	7	27	13	0	13.03888889
19840726	1984	7	27	14	0	12.58666667
19840726	1984	7	27	15	0	12.13444444
19840726	1984	7	27	16	0	11.68222222
19840726	1984	7	27	17	0	11.23
19840726	1984	7	27	18	0	10.77777778
19840726	1984	7	27	19	0	10.32555556
19840726	1984	7	27	20	0	9.873333333
19840726	1984	7	27	21	0	9.421111111
19840726	1984	7	27	22	0	8.968888889
19840726	1984	7	27	23	0	8.516666667
19840726	1984	7	28	0	0	8.064444444
19840726	1984	7	28	1	0	7.612222222
19840928	1984	9	26	2	3.463	11.9
19840928	1984	9	26	3	0.457	13.03333333
19840928	1984	9	26	4	0.44	14.16666667
19840928	1984	9	26	5	0.256333333	15.3
19840928	1984	9	26	6	0.256333333	16.43333333
19840928	1984	9	26	7	0.201333333	17.56666667
19840928	1984	9	26	8	0.158	18.7
19840928	1984	9	26	9	0.466	20.96666667
19840928	1984	9	26	10	1.6115	23.23333333
19840928	1984	9	26	11	1.774833333	25.5
19840928	1984	9	26	12	1.281333333	26.56666667
19840928	1984	9	26	13	0.966833333	27.63333333
19840928	1984	9	26	14	0.760666667	28.7
19840928	1984	9	26	15	0.760666667	30.76666667
19840928	1984	9	26	16	1.211666667	32.83333333
19840928	1984	9	26	17	0.8155	34.9
19840928	1984	9	26	18	0.8155	36.96666667
19840928	1984	9	26	19	0.8155	39.03333333
19840928	1984	9	26	20	0.085	41.1
19840928	1984	9	26	21	0.147	43.16666667
19840928	1984	9	26	22	0.2525	45.23333333
19840928	1984	9	26	23	0.877333333	47.3
19840928	1984	9	27	0	0.917333333	47.3
19840928	1984	9	27	1	1.169333333	45.75
19840928	1984	9	27	2	0.040666667	44.2
19840928	1984	9	27	3	0.085166667	42.65
19840928	1984	9	27	4	0.107166667	41.1
19840928	1984	9	27	5	0.039	39.55
19840928	1984	9	27	6	0.031	38
19840928	1984	9	27	7	0.064	36.45
19840928	1984	9	27	8	0	34.9
19840928	1984	9	27	9	0	33.55714286
19840928	1984	9	27	10	0	32.21428571
19840928	1984	9	27	11	0.498666667	30.87142857
19840928	1984	9	27	12	0.592166667	29.52857143
19840928	1984	9	27	13	0.732166667	28.18571429
19840928	1984	9	27	14	3.039	26.84285714
19840928	1984	9	27	15	4.0264	25.5
19840928	1984	9	27	16	1.0944	26.1
19840928	1984	9	27	17	4.7964	30.15
19840928	1984	9	27	18	2.3594	34.2
19840928	1984	9	27	19	1.7354	43.3
19840928	1984	9	27	20	2.7915	52.4
19840928	1984	9	27	21	2.175	72.8
19840928	1984	9	27	22	1.335	111
19840928	1984	9	27	23	1.675833333	122
19840928	1984	9	28	0	2.201833333	128
19840928	1984	9	28	1	1.845833333	131
19840928	1984	9	28	2	0.8755	130
19840928	1984	9	28	3	0.8315	126
19840928	1984	9	28	4	0.6765	132.3333333
19840928	1984	9	28	5	0.6905	126
19840928	1984	9	28	6	0.71	115.2
19840928	1984	9	28	7	0.696	104.4
19840928	1984	9	28	8	0.0275	93.6
19840928	1984	9	28	9	0.0055	87.66666667
19840928	1984	9	28	10	0.0055	81.73333333
19840928	1984	9	28	11	0.0055	75.8
19840928	1984	9	28	12	0.0055	69.86666667
19840928	1984	9	28	13	0.0055	63.93333333
19840928	1984	9	28	14	0.055	58
19840928	1984	9	28	15	0.055	52.06666667
19840928	1984	9	28	16	0.055	46.13333333
19840928	1984	9	28	17	0.083333333	40.2
19840928	1984	9	28	18	0.205333333	37.66666667
19840928	1984	9	28	19	0.205333333	35.13333333
19840928	1984	9	28	20	0.112	32.6
19840928	1984	9	28	21	0.112	31.4
19840928	1984	9	28	22	0.088	30.2
19840928	1984	9	28	23	0	29
19840928	1984	9	29	0	0.011	27.8
19840928	1984	9	29	1	0.079	26.6
19840928	1984	9	29	2	0.017	25.4
19840928	1984	9	29	3	0	24.2
19840928	1984	9	29	4	0	23
19840928	1984	9	29	5	0.022	21.8
19840928	1984	9	29	6	0.033	20.6
19840928	1984	9	29	7	0.033	19.4
19840928	1984	9	29	8	0	18.2
19840928	1984	9	29	9	0	17.56666667
19840928	1984	9	29	10	0.0165	16.93333333
19840928	1984	9	29	11	0.0165	16.3
19840928	1984	9	29	12	0.0165	15.66666667
19840928	1984	9	29	13	0.025833333	15.03333333
19840928	1984	9	29	14	0.081833333	14.4
19840928	1984	9	29	15	0.081833333	14.03333333
19840928	1984	9	29	16	0	13.66666667
19840928	1984	9	29	17	0.009333333	13.3
19840928	1984	9	29	18	0.009333333	12.93333333
19840928	1984	9	29	19	0.075333333	12.56666667
19840928	1984	9	29	20	0.975333333	12.2
19840928	1984	9	29	21	1.035333333	12
19840928	1984	9	29	22	1.974333333	11.8
19840928	1984	9	29	23	0.723	11.6
19840928	1984	9	30	0	0.459	11.4
19840928	1984	9	30	1	0.283	11.2
19840928	1984	9	30	2	0.109	11
19850621	1985	6	21	0	5.0355	0.989
19850621	1985	6	21	1	5.7605	0.989
19850621	1985	6	21	2	4.9375	1.11425
19850621	1985	6	21	3	5.6545	1.2395
19850621	1985	6	21	4	6.5185	1.36475
19850621	1985	6	21	5	3.2035	1.49
19850621	1985	6	21	6	4.2435	2.15
19850621	1985	6	21	7	4.2695	4.08
19850621	1985	6	21	8	1.0915	42.8
19850621	1985	6	21	9	1.0915	101
19850621	1985	6	21	10	1.0915	108
19850621	1985	6	21	11	0.7135	120.5
19850621	1985	6	21	12	0.7135	119
19850621	1985	6	21	13	0.7135	109.125
19850621	1985	6	21	14	0.017	99.25
19850621	1985	6	21	15	0	89.375
19850621	1985	6	21	16	0.028	79.5
19850621	1985	6	21	17	0	74.36
19850621	1985	6	21	18	0.011	69.22
19850621	1985	6	21	19	0.011	64.08
19850621	1985	6	21	20	0.017	58.94
19850621	1985	6	21	21	0	53.8
19850621	1985	6	21	22	0	48.66
19850621	1985	6	21	23	0	43.52
19850621	1985	6	22	0	0	38.38
19850621	1985	6	22	1	0	33.24
19850621	1985	6	22	2	0	28.1
19850621	1985	6	22	3	0	26.51666667
19850621	1985	6	22	4	0	24.93333333
19850621	1985	6	22	5	0	23.35
19850621	1985	6	22	6	0	21.76666667
19850621	1985	6	22	7	0.028	20.18333333
19850621	1985	6	22	8	0	18.6
19850621	1985	6	22	9	0	17.9
19850621	1985	6	22	10	0	17.2
19850621	1985	6	22	11	0	16.5
19850621	1985	6	22	12	0	15.8
19850621	1985	6	22	13	0	15.1
19850621	1985	6	22	14	0	14.4
19850621	1985	6	22	15	0	13.7
19850621	1985	6	22	16	0	13
19850621	1985	6	22	17	0	12.3
19860615	1986	6	15	12	5.882	0.553333333
19860615	1986	6	15	13	7.657	0.586666667
19860615	1986	6	15	14	5.2905	0.62
19860615	1986	6	15	15	6.6805	0.865
19860615	1986	6	15	16	4.7545	1.11
19860615	1986	6	15	17	4.1805	4.185
19860615	1986	6	15	18	2.6585	7.26
19860615	1986	6	15	19	2.6585	26.4
19860615	1986	6	15	20	0.7605	36.9
19860615	1986	6	15	21	0.7095	64.16666667
19860615	1986	6	15	22	0.6545	91.43333333
19860615	1986	6	15	23	0.6545	83.75714286
19860615	1986	6	16	0	0.6545	76.08095238
19860615	1986	6	16	1	0.6545	68.4047619
19860615	1986	6	16	2	0.0385	60.72857143
19860615	1986	6	16	3	0.0385	53.05238095
19860615	1986	6	16	4	0.0275	45.37619048
19860615	1986	6	16	5	0.0445	37.7
19860615	1986	6	16	6	0.0275	34.13333333
19860615	1986	6	16	7	0.0275	30.56666667
19860615	1986	6	16	8	0	27
19860615	1986	6	16	9	0	25.26666667
19860615	1986	6	16	10	0	23.53333333
19860615	1986	6	16	11	0	21.8
19860615	1986	6	16	12	0	20.06666667
19860615	1986	6	16	13	0	18.33333333
19860615	1986	6	16	14	0	16.6
19860615	1986	6	16	15	0	15.6
19860615	1986	6	16	16	0	14.6
19860615	1986	6	16	17	0	13.6
19860615	1986	6	16	18	0	12.6
19860615	1986	6	16	19	0	11.6
19860615	1986	6	16	20	0	10.6
19870512	1987	5	12	0	0.139333333	1.6
19870512	1987	5	12	1	0.139333333	2.25
19870512	1987	5	12	2	0.100666667	2.9
19870512	1987	5	12	3	0.109166667	3.636666667
19870512	1987	5	12	4	0.067166667	4.373333333
19870512	1987	5	12	5	0.363166667	5.11
19870512	1987	5	12	6	0.584166667	8.006666667
19870512	1987	5	12	7	2.701666667	10.90333333
19870512	1987	5	12	8	12.124	13.8
19870512	1987	5	12	9	3.724	15.1
19870512	1987	5	12	10	2.071	16.4
19870512	1987	5	12	11	0.179333333	24.5
19870512	1987	5	12	12	0.146333333	39.8
19870512	1987	5	12	13	0.278333333	80.75
19870512	1987	5	12	14	0.190333333	106.5
19870512	1987	5	12	15	0.157333333	97.16666667
19870512	1987	5	12	16	0.157333333	87.83333333
19870512	1987	5	12	17	0.129	78.5
19870512	1987	5	12	18	0.151	72.16666667
19870512	1987	5	12	19	0.112	65.83333333
19870512	1987	5	12	20	0.028	59.5
19870512	1987	5	12	21	0	56.58333333
19870512	1987	5	12	22	0	53.66666667
19870512	1987	5	12	23	0.022	50.75
19870512	1987	5	13	0	0	47.83333333
19870512	1987	5	13	1	0	44.91666667
19870512	1987	5	13	2	0	42
19870512	1987	5	13	3	0	39.08333333
19870512	1987	5	13	4	0.014	36.16666667
19870512	1987	5	13	5	0.014	33.25
19870512	1987	5	13	6	0	30.33333333
19870512	1987	5	13	7	0	27.41666667
19870512	1987	5	13	8	0	24.5
19870512	1987	5	13	9	0	23.71666667
19870512	1987	5	13	10	0	22.93333333
19870512	1987	5	13	11	0	22.15
19870512	1987	5	13	12	0	21.36666667
19870512	1987	5	13	13	0	20.58333333
19870512	1987	5	13	14	0	19.8
19870512	1987	5	13	15	0	19.01666667
19870512	1987	5	13	16	0	18.23333333
19870512	1987	5	13	17	0	17.45
19870512	1987	5	13	18	0	16.66666667
19870512	1987	5	13	19	0	15.88333333
19870512	1987	5	13	20	0	15.1
19870512	1987	5	13	21	0	14.31666667
19870512	1987	5	13	22	0	13.53333333
19870512	1987	5	13	23	0	12.75
19870512	1987	5	14	0	0	11.96666667
19870512	1987	5	14	1	0	11.18333333
19870531	1987	5	31	16	22.503	1.805555556
19870531	1987	5	31	17	16.533	1.75
19870531	1987	5	31	18	5.803	2.41
19870531	1987	5	31	19	2.495	11.42
19870531	1987	5	31	20	0.440666667	114.9666667
19870531	1987	5	31	21	0.074666667	127
19870531	1987	5	31	22	0.074666667	114.48
19870531	1987	5	31	23	0.074666667	101.96
19870531	1987	6	1	0	0	89.44
19870531	1987	6	1	1	0	76.92
19870531	1987	6	1	2	0	64.4
19870531	1987	6	1	3	0	58.96666667
19870531	1987	6	1	4	0	53.53333333
19870531	1987	6	1	5	0	48.1
19870531	1987	6	1	6	0	42.66666667
19870531	1987	6	1	7	0	37.23333333
19870531	1987	6	1	8	0	31.8
19870531	1987	6	1	9	0	29.78333333
19870531	1987	6	1	10	0	27.76666667
19870531	1987	6	1	11	0	25.75
19870531	1987	6	1	12	0	23.73333333
19870531	1987	6	1	13	0	21.71666667
19870531	1987	6	1	14	0	19.7
19870531	1987	6	1	15	0	18.66666667
19870531	1987	6	1	16	0	17.63333333
19870531	1987	6	1	17	0	16.6
19870531	1987	6	1	18	0	15.56666667
19870531	1987	6	1	19	0.391	14.53333333
19870531	1987	6	1	20	0	13.5
19870531	1987	6	1	21	0	13.02666667
19870531	1987	6	1	22	0	12.55333333
19870531	1987	6	1	23	0	12.08
19870531	1987	6	2	0	0	11.60666667
19870531	1987	6	2	1	0.022	11.13333333
19870531	1987	6	2	2	0.044	10.66
19870531	1987	6	2	3	0	10.18666667
19870531	1987	6	2	4	0	9.713333333
19870531	1987	6	2	5	0	9.24
19870531	1987	6	2	6	0	8.766666667
19870531	1987	6	2	7	0	8.293333333
19870531	1987	6	2	8	0	7.82
19870531	1987	6	2	9	0	7.658333333
19870531	1987	6	2	10	0	7.496666667
19870531	1987	6	2	11	0	7.335
19870531	1987	6	2	12	0	7.173333333
19870531	1987	6	2	13	0	7.011666667
19870531	1987	6	2	14	0.234666667	6.85
19870531	1987	6	2	15	0.234666667	6.688333333
19870531	1987	6	2	16	0.234666667	6.526666667
19870531	1987	6	2	17	0.044	6.365
19870531	1987	6	2	18	0.044	6.203333333
19870531	1987	6	2	19	0	6.041666667
19870531	1987	6	2	20	0.572	5.88
19870531	1987	6	2	21	0.198	5.718333333
19870531	1987	6	2	22	0	5.556666667
20150808	2015	8	8	21	0.009809264	3.683333333
20150808	2015	8	8	22	0.017166213	4.19
20150808	2015	8	8	23	0.03133515	4.19
20150808	2015	8	9	0	0.651498638	4.19
20150808	2015	8	9	1	4.552588556	10.11166667
20150808	2015	8	9	2	18.7760218	16.03333333
20150808	2015	8	9	3	27.93487738	21.955
20150808	2015	8	9	4	14.26294278	295.1428571
20150808	2015	8	9	5	0	431.25
20150808	2015	8	9	6	0	423.5
20150808	2015	8	9	7	0	323.5
20150808	2015	8	9	8	0	223.5
20150808	2015	8	9	9	0	190
20150808	2015	8	9	10	0	157.4333333
20150808	2015	8	9	11	0	124.8666667
20150808	2015	8	9	12	0.029700272	92.3
20150808	2015	8	9	13	0.030245232	69.15
20150808	2015	8	9	14	0.153133515	46
20150808	2015	8	9	15	0.64986376	37.75
20150808	2015	8	9	16	9.335694823	29.5
20150808	2015	8	9	17	0.454223433	26.83333333
20150808	2015	8	9	18	0	24.16666667
20150808	2015	8	9	19	0.213079019	21.5
20150808	2015	8	9	20	1.388828338	21
20150808	2015	8	9	21	0.054223433	23.5
20150808	2015	8	9	22	0.001362398	21.96666667
20150808	2015	8	9	23	0.045231608	20.43333333
20150808	2015	8	10	0	0.068119891	18.9
20150808	2015	8	10	1	0	17.36666667
20150808	2015	8	10	2	0	15.83333333
20150808	2015	8	10	3	0	14.3
20150808	2015	8	10	4	0.004087193	13.82
20150808	2015	8	10	5	0	13.34
20150818	2015	8	18	12	2.952588556	1.96
20150818	2015	8	18	13	4.297002725	1.96
20150818	2015	8	18	14	5.419618529	2.52
20150818	2015	8	18	15	3.548773842	2.9
20150818	2015	8	18	16	2.259673025	3.4
20150818	2015	8	18	17	2.155585831	4.36
20150818	2015	8	18	18	3.950681199	8.13
20150818	2015	8	18	19	2.315258856	11.9
20150818	2015	8	18	20	0.853950954	31.5
20150818	2015	8	18	21	0.955858311	46
20150818	2015	8	18	22	1.513623978	60.5
20150818	2015	8	18	23	0.421798365	69.5
20150818	2015	8	19	0	0.069209809	62.9
20150818	2015	8	19	1	0.822343324	64.9
20150818	2015	8	19	2	1.783923706	88.6
20150818	2015	8	19	3	1.334059946	87.8
20150818	2015	8	19	4	1.420435967	87.8
20150818	2015	8	19	5	1.390463215	92.3
20150818	2015	8	19	6	0.244686649	106
20150818	2015	8	19	7	0.114441417	118
20150818	2015	8	19	8	0.415258856	132.5
20150818	2015	8	19	9	0.190190736	125.75
20150818	2015	8	19	10	0.229700272	119
20150818	2015	8	19	11	0.040871935	108.1833333
20150818	2015	8	19	12	0.16893733	97.36666667
20150818	2015	8	19	13	0.215531335	86.55
20150818	2015	8	19	14	0.40599455	75.73333333
20150818	2015	8	19	15	0.004087193	64.91666667
20150818	2015	8	19	16	0.004904632	54.1
20150818	2015	8	19	17	0.020163488	49
20150818	2015	8	19	18	0.016348774	43.9
20150818	2015	8	19	19	0.014168937	38.8
20150818	2015	8	19	20	0.01253406	33.7
20150818	2015	8	19	21	0.009536785	28.6
20150818	2015	8	19	22	0.207356948	23.5
