a	b
0.003830903	0.0573
0.002752499	0.056
0.003398674	0.056
0.000982636	0.0559
0.00022829	0.0534
0	0.0516
0	0.0501
0	0.0367
0	0.0346
0	0.0354
0	0.0377
0	0.0385
0	0.0455
0	0.049
0	0.049
0	0.049
0	0.049
0	0.049
0	0.049
0	0.0448
0	0.0418
0	0.0418
0	0.0418
0	0.0406
0	0.0369
0	0.0369
0	0.0375
0	0.0397
0	0.0282
0	0.0342
0	0.0281
0	0.0295
0	0.0316
0	0.0265
0	0.0339
0	0.0278
0	0.0274
0	0.0329
0	0.0278
0	0.03
0	0.027
0	0.0252
0	0.0224
0	0.0198
0	0.0187
0	0.0223
0	0.0224
0	0.0197
0	0.0199
0	0.0188
0	0.0182
0	0.0175
0	0.017
0	0.0161
0	0.0139
0	0.0131
0	0.0145
0	0.0171
0	0.0127
0	0.0141
0	0.014
0	0.0146
0	0.0163
0	0.0163
0	0.0161
0	0.0158
0	0.0158
0	0.0167
0	0.0178
0	0.0134
0	0.0112
0	0.0103
0	0.0094
0	0.0094
0	0.0094
0	0.0094
0	0.0076
0	0.0058
0	0.0058
0	0.0045
0	0.0149
0	0.0149
0	0.0149
0	0.0149
0	0.0149
0	0.0171
0	0.0202
0	0.0202
0	0.0202
0	0.0171
0	0.011
0	0.011
0	0.011
0	0.0098
0	0.0087
0	0.0087
0	0.0087
0	0.0087
0	0.0077
0	0.0067
0	0.0067
0	0.0067
0	0.0055
0	0.0041
0	0.0041
0	0.0041
0	0.0041
0	0.0044
0	0.005
0	0.005
0	0.0048
0	0.0044
0	0.0044
0	0.0044
0	0.0044
0	0.0047
0	0.005
0	0.005
0	0.005
0	0.005
0	0.005
0	0.005
0	0.005
0	0.005
0	0.005
0	0.0047
0	0.0041
0	0.0041
0	0.0041
0	0.0041
0	0.0045
0	0.005
0	0.005
0	0.005
0	0.005
0	0.0046
0	0.0041
0	0.0041
0	0.0043
0	0.005
0	0.0058
0	0.0071
0	0.0071
0	0.0071
0	0.0071
0	0.0096
0	0.0137
0	0.0137
0	0.0137
0	0.0137
0	0.0092
0	0.0053
0	0.0053
0	0.0053
0	0.0058
0	0.0063
0	0.0063
0	0.0063
0	0.0067
0	0.0071
0	0.0071
0	0.0071
0	0.0071
0	0.0071
0	0.0093
0	0.0121
0	0.0121
0	0.0121
0	0.0129
0	0.0137
0	0.0137
0	0.0137
0	0.0081
0	0.0024
0	0.0024
0	0.0024
0	0.003
0	0.0036
0	0.0036
0	0.0036
0	0.0109
0	0.0238
0	0.0151
0	0.0165
0	0.0145
0	0.0166
0	0.0186
4.83E-05	0.0176
0.002265139	0.0262
0.007079211	0.0393
0.009049592	0.0419
0.010570153	0.0401
0.013331441	0.037
0.016189622	0.0334
0.018969944	0.0489
0.022257247	0.0486
0.030212567	0.068
0.031776967	0.06
0.031288769	0.0672
0.034043616	0.0576
0.05367094	0.0876
0.056819887	0.0654
0.056014589	0.0634
0.057955098	0.0604
0.076815441	0.078
0.065619652	0.0671
0.067296374	0.0592
0.08249783	0.0643
0.078169348	0.0615
0.084131791	0.0649
0.085755033	0.0699
0.08278835	0.0736
0.104878498	0.0842
0.109733647	0.1124
0.100439071	0.1019
0.09379831	0.0781
0.118433445	0.0801
0.114011949	0.0979
0.150537026	0.1516
0.125364326	0.1328
0.141745371	0.1631
0.133304229	0.141
0.12993173	0.1046
0.146352603	0.1298
0.143266531	0.1227
0.163142325	0.1777
0.13799363	0.1347
0.158146896	0.1536
0.184160662	0.1574
0.158447442	0.182
0.157187693	0.1724
0.204561766	0.2614
0.121733316	0.1667
0.12322898	0.1475
0.130197639	0.1271
0.182157013	0.1685
0.232223371	0.2458
0.193026515	0.2555
0.131679291	0.2005
0.132500622	0.1717
0.133530258	0.1641
0.134800492	0.1416
0.136344553	0.1269
0.138196212	0.1341
0.140389841	0.1092
0.14296838	0.0933
0.145994518	0.0809
0.149486659	0.1348
0.153481394	0.2235
0.158014095	0.2031
0.163118559	0.2335
0.168860389	0.2341
0.175292813	0.2105
0.182423387	0.1884
0.190474842	0.1799
0.199357568	0.3635
0.209097221	0.2873
0.219714719	0.1979
0.23122369	0.1604
0.243629347	0.1404
0.256927861	0.16
0.139671543	0.102
0.145148795	0.0935
0.151350906	0.1599
0.158388733	0.2715
0.166301916	0.1865
0.17508081	0.1501
0.184748181	0.1758
0.195318813	0.1775
0.206798349	0.0731
0.219182077	0.0262
0.232453844	0.0138
0.246585173	0.1535
0.261534387	0.2684
0.277246583	0.2319
0.414369101	0.287
0.390443667	0.3221
0.3282108	0.405
0.589402964	0.4483
0.65790264	0.5235
0.608005995	0.5048
0.636462293	0.5195
0.466966187	0.5249
0.449949958	0.4958
0.455976632	0.4822
0.481473192	0.5197
0.609523815	0.5483
0.523217597	0.5684
0.507668621	0.603
0.634327147	0.6764
0.595832673	0.893
0.720784849	0.8003
0.611470005	0.7535
0.494828259	0.6237
0.471206352	0.5815
0.387737077	0.5076
0.628151224	0.5342
0.521467495	0.5154
0.649429868	0.6277
0.618304345	0.7204
0.597723188	0.5987
0.54948121	0.5678
0.608258504	0.5774
0.466466173	0.6329
0.467718816	0.6583
0.467965417	0.5522
0.475272678	0.477
0.589164401	0.5888
0.537340835	0.542
0.5080262	0.5124
0.493617133	0.4464
0.560018283	0.4765
0.513985383	0.483
0.521731287	0.4768
0.517607157	0.5483
0.442222816	0.4656
0.544173578	0.5618
0.547797429	0.6667
0.440312341	0.5421
0.406714586	0.4727
0.409509108	0.4337
0.375125697	0.386
0.373516673	0.354
0.53505676	0.4802
0.45088111	0.5265
0.360540316	0.4076
0.354389303	0.3644
0.486915967	0.5195
0.426983781	0.5568
0.377152632	0.4816
0.319831521	0.4162
0.31038906	0.3654
0.29937707	0.3358
0.289438082	0.3061
0.286659423	0.2798
0.292475105	0.2666
0.259483712	0.2421
0.250643967	0.2251
0.316975789	0.2493
0.252465819	0.2293
0.261275252	0.2229
0.229592736	0.2005
0.230767614	0.1897
0.314237449	0.2716
0.22374344	0.2139
0.243697159	0.2322
0.244182881	0.225
0.229385683	0.2111
0.219160454	0.1936
0.216758149	0.1921
0.206132653	0.1798
0.203935258	0.1631
0.201276293	0.1432
0.220378619	0.1616
0.215511999	0.1631
0.220104474	0.1896
0.202190346	0.1998
0.191540525	0.1798
0.202572635	0.188
0.231344302	0.2042
0.193751413	0.1902
0.187590553	0.1957
0.178559883	0.1962
0.176317977	0.1978
0.178278326	0.2084
0.186434943	0.2191
0.175362061	0.2356
0.172191225	0.2132
0.165970685	0.1803
0.16316967	0.1755
0.160905968	0.1623
0.15862333	0.1594
0.156322502	0.1635
0.154027636	0.1612
0.15171748	0.153
0.14943109	0.1524
0.147149889	0.1611
0.144852308	0.1929
0.14253627	0.2339
0.143553584	0.2201
0.139752714	0.2206
0.136771619	0.2105
0.135629422	0.2018
0.134270831	0.2003
0.140871851	0.1853
0.138649772	0.1801
0.136601679	0.1747
0.135000625	0.1697
0.134154942	0.169
0.130618238	0.1604
0.128234482	0.1507
0.126103448	0.1449
0.123958336	0.1354
0.121799704	0.1287
0.119710147	0.1203
0.117517769	0.1171
0.116090102	0.1238
0.113883646	0.1322
0.111160602	0.1258
0.108420139	0.1123
0.105986989	0.099
0.103554298	0.0928
0.102363604	0.1124
0.099129122	0.1224
0.096281501	0.1068
0.094039602	0.0974
0.091796551	0.0944
0.08955394	0.1082
0.087313292	0.1124
0.085600762	0.1161
0.08280318	0.1155
0.080559664	0.0926
0.078325623	0.0941
0.076102426	0.0965
0.088101976	0.0907
0.08589341	0.0936
0.083698823	0.1013
0.081401675	0.0912
0.079172982	0.0845
0.076917018	0.0958
0.074705551	0.09
0.072479161	0.0852
0.07029174	0.072
0.068150393	0.0598
0.066206831	0.051
0.064515385	0.0334
0.062495948	0.024
0.060703857	0.0293
0.059014839	0.0276
0.057340513	0.0273
0.055735048	0.0266
0.054321287	0.0265
0.05312555	0.0265
0.051942149	0.0235
0.051511363	0.0201
0.049617828	0.0181
0.048394393	0.0181
0.047279635	0.0181
0.046176047	0.0181
0.04508373	0.0159
0.044075652	0.0137
0.043152577	0.014
0.042240234	0.0149
0.041346201	0.0149
0.040475947	0.0149
0	0.0036
0	0.0036
0	0.0036
0	0.0036
0	0.0033
0	0.0033
0	0.0033
0	0.0036
0	0.0036
0	0.0036
0	0.0036
0	0.0036
0	0.0036
0	0.0036
0	0.0036
0	0.0033
0	0.0033
0	0.0036
0	0.0036
0	0.0036
0	0.0033
0	0.0036
0	0.0036
0	0.0036
0	0.0036
0	0.0033
0	0.0033
0	0.0036
0	0.0036
0	0.0036
0	0.0033
0	0.0036
0	0.0036
0	0.0036
0	0.0036
0	0.0033
0	0.0033
0	0.0036
0	0.0036
0	0.0036
0	0.0033
0	0.0036
0	0.0036
0	0.0036
0	0.0036
0	0.0033
0	0.0033
0	0.0033
0	0.0036
0	0.0036
0	0.0036
0	0.0036
0	0.0036
0	0.0036
0	0.0036
0	0.0033
0	0.0033
0	0.0033
0	0.0036
0	0.0036
0	0.0036
0	0.0036
0	0.0036
0	0.0036
0	0.0036
0	0.0036
0	0.0033
0	0.0033
0	0.0036
0	0.0036
0	0.0036
0	0.0033
0	0.0036
0	0.0036
0	0.0036
0	0.0036
0	0.0033
0	0.0033
0	0.0036
0	0.0036
0	0.0036
0	0.0036
0	0.0033
0	0.0036
0	0.0036
0	0.0036
0	0.0036
0	0.0033
0	0.0033
0	0.0036
0	0.0036
0	0.0036
0	0.0036
0	0.0041
0	0.005
0	0.005
0	0.0049
0	0.0053
0	0.005
0	0.0046
0	0.005
0	0.0069
0	0.0074
0.001370501	0.0074
0.003018926	0.0074
0	0.0075
0	0.0085
0.000989223	0.0096
0.005095442	0.011
0.009868649	0.0134
0.013039351	0.015
0.012371193	0.0163
0.01567016	0.0181
0.018267202	0.0197
0.021118138	0.0242
0.023125379	0.0665
0.025423931	0.0675
0.027791133	0.0729
0.027024752	0.0614
0.033722764	0.0507
0.054617009	0.0427
0.056617092	0.0411
0.058897381	0.036
0.061050151	0.0423
0.0632641	0.0641
0.065470663	0.1772
0.067683034	0.1232
0.069897528	0.0819
0.072110485	0.0638
0.074267633	0.0719
0.076450198	0.0615
0.110226489	0.0605
0.084509097	0.0533
0.107449472	0.0603
0.084893622	0.0721
0.086963584	0.0666
0.092200125	0.0673
0.091688554	0.0639
0.093502249	0.0536
0.102328288	0.0523
0.115697766	0.0911
0.09859507	0.0547
0.101618174	0.05
0.116560203	0.0809
0.104212961	0.0621
0.109449681	0.056
0.168033589	0.2089
0.160223386	0.189
0.128104995	0.1673
0.160840792	0.2402
0.11508555	0.1768
0.113903087	0.1744
0.154306172	0.2963
0.126204154	0.2434
0.12052569	0.1975
0.119538277	0.1678
0.131749723	0.1613
0.133438441	0.1503
0.127919272	0.155
0.136794839	0.1479
0.114580945	0.1244
0.154305693	0.1728
0.160344304	0.16
0.14501976	0.1808
0.141272117	0.1214
0.133340171	0.1071
0.143844123	0.0837
0.121960383	0.126
0.118743985	0.1659
0.119364345	0.148
0.119976175	0.1371
0.139597864	0.1357
0.160156453	0.1431
0.133381408	0.1338
0.122346225	0.106
0.123378042	0.0934
0.144157923	0.0999
0.12405312	0.0828
0.142678107	0.0857
0.13006674	0.0798
0.164770191	0.0819
0.110307859	0.0554
0.109888032	0.044
0.127206204	0.0429
0.164899094	0.0569
0.110868991	0.04
0.136000627	0.1057
0.170007563	0.2532
0.122581328	0.1757
0.112165174	0.1486
0.121162803	0.1376
0.155833812	0.2204
0.121735751	0.1916
0.126093242	0.184
0.134697232	0.2399
0.19078433	0.2644
0.113793399	0.1635
0.114103939	0.1387
0.125126321	0.1295
0.12249353	0.1252
0.115186455	0.1073
0.129401603	0.1
0.147503529	0.1169
0.182315896	0.2026
0.147038113	0.192
0.118191342	0.1538
0.11878268	0.1358
0.118925555	0.1214
0.119595882	0.1104
0.120294539	0.1016
0.121020621	0.0932
0.162369097	0.1257
0.152824041	0.139
0.104534385	0.0634
0.101800556	0.0498
0.10112504	0.0491
0.100842172	0.0492
0.112676804	0.0491
0.101814462	0.0491
0.102381695	0.0491
0.102988003	0.0496
0.103633872	0.0492
0.104319581	0.0491
0.105045165	0.0492
0.160287471	0.0491
0.108851636	0.0491
0.10882135	0.0491
0.174878228	0.0496
0.134356193	0.0492
0.114144897	0.0491
0.166394212	0.0492
0.195349924	0.148
0.239998684	0.2707
0.146860707	0.3216
0.158793896	0.3473
0.144211921	0.3326
0.126914694	0.295
0.118872754	0.2431
0.121074633	0.213
0.121154473	0.1683
0.122233104	0.115
0.12317924	0.1043
0.124122847	0.0941
0.105205684	0.0874
0.099409748	0.0806
0.102573624	0.0857
0.196107743	0.1556
0.172102057	0.2072
0.104600826	0.1066
0.161170586	0.129
0.192812063	0.2963
0.148763264	0.2257
0.174284575	0.2619
0.110125071	0.213
0.143187569	0.2192
0.111983483	0.1938
0.146646016	0.223
0.113413705	0.201
0.118721589	0.165
0.133620238	0.1553
0.132780636	0.1908
0.12121426	0.1674
0.117722706	0.139
0.118480085	0.1012
0.131953675	0.0948
0.125419216	0.0836
0.125901811	0.0815
0.132649777	0.083
0.12583895	0.0731
0.128059472	0.0795
0.119759302	0.0796
0.121363216	0.072
0.125873907	0.0711
0.138946179	0.0926
0.131202031	0.0945
0.123406678	0.0863
0.142280262	0.1121
0.120468098	0.1139
0.128287523	0.1174
0.117167482	0.1229
0.14200943	0.1176
0.11327127	0.1028
0.113003498	0.1104
0.115565976	0.104
0.126828493	0.1482
0.110895019	0.1234
0.109882376	0.1101
0.110902298	0.1111
0.109226953	0.1111
0.121951573	0.1109
0.110928685	0.1109
0.123616393	0.1108
0.108770745	0.1107
0.108174936	0.1107
0.14569694	0.1107
0.106106949	0.1106
0.106458932	0.1105
0.120688272	0.1087
0.106378706	0.0994
0.106158912	0.0953
0.117784835	0.0938
0.108417225	0.0895
0.117005073	0.0883
0.149191169	0.0944
0.103081676	0.0758
0.102482334	0.0555
0.101919292	0.063
0.102408009	0.0675
0.1692321	0.0819
0.146605684	0.0704
0.10138198	0.0796
0.099717147	0.0941
0.099773355	0.0948
0.100015591	0.0809
0.110161219	0.0715
0.100509523	0.0243
0.101431494	0.0274
0.114116074	0.1237
0.103211749	0.2859
0.103568263	0.1822
0.108953347	0.0526
0.110968446	0.0388
0.107647503	0.0462
0.116692445	0.0598
0.134215794	0.0785
0.112951602	0.0805
0.119126992	0.0475
0.121851653	0.0543
0.119627499	0.0526
0.121161632	0.055
0.116290661	0.0516
0.117253178	0.0462
0.124859428	0.0549
0.119015708	0.0548
0.109251484	0.0606
0.102707909	0.0396
0.100662118	0.0454
0.108332927	0.0762
0.103567751	0.0971
0.10415171	0.0868
0.105185557	0.0868
0.106166577	0.0868
0.107094196	0.0868
0.107968016	0.0793
0.108787771	0.0643
0.109556022	0.0643
0.110266855	0.0643
0.130609176	0.0643
0.111498353	0.0643
0.115577221	0.0643
0.117300882	0.0643
0.116373975	0.0643
0.12579899	0.0643
0.122692399	0.0643
0.114819069	0.0643
0.11467211	0.0643
0.114487838	0.0643
0.115041145	0.0643
0.115158005	0.0643
0.115228012	0.061
0.115251858	0.06
0.117017089	0.0576
0.11481018	0.0458
0.115051006	0.0458
0.114554412	0.0458
0	0.014
0	0.014
0	0.014
0	0.014
0	0.014
0	0.014
0	0.014
0	0.014
0	0.014
0	0.014
0	0.014
0	0.014
0	0.014
0	0.014
0	0.014
0	0.014
0	0.014
0	0.014
0	0.014
0	0.014
0	0.014
0	0.014
0	0.014
0	0.014
0	0.014
0	0.014
0	0.014
0	0.014
0	0.014
0	0.014
0	0.014
0	0.014
0	0.014
0	0.014
0	0.014
0	0.014
0	0.014
0	0.014
0	0.014
0	0.01
0	0.005
0	0.005
0	0.005
0	0.005
0	0.005
0	0.005
0	0.005
0	0.005
0	0.005
0	0.005
0	0.005
0	0.005
0	0.005
0	0.005
0	0.005
0	0.005
0	0.005
0	0.005
0	0.005
0	0.005
0	0.005
0	0.004
0	0.003
0	0.003
0	0.003
0	0.003
0	0.003
0	0.002
0.002303955	0.002
0	0.002
0.0047329	0.002
0.005591571	0.004
0.006843695	0.007
0.007365492	0.007
0.009392321	0.007
0.011056355	0.007
0	0.01
0.013690304	0.013
0.014311515	0.013
0.016385809	0.013
0.017757055	0.013
0.017740588	0.017
0.013906445	0.022
0.015734405	0.022
0.020325548	0.022
0.019767564	0.022
0.025991703	0.021
0.027811845	0.019
0.029315919	0.019
0.030834883	0.013
0.048056655	0.006
0.039513783	0.005
0.051073146	0.005
0.052590314	0.005
0.039097622	0.005
0.020248649	0.004
0.03705901	0.004
0.056565888	0.004
0.04375619	0.004
0.061101675	0.005
0.062585842	0.005
0.058141951	0.005
0.061617484	0.005
0.067092002	0.005
0.068779616	0.005
0.070291181	0.007
0.071804776	0.011
0.073171112	0.013
0.074835931	0.013
0.075547043	0.013
0.076331582	0.013
0.069379849	0.014
0.071745202	0.034
0.073779017	0.051
0.075517668	0.044
0.083212389	0.029
0.083162755	0.024
0.086516651	0.021
0.088319128	0.026
0.090603343	0.049
0.097408222	0.052
0.098174131	0.057
0.103085774	0.065
0.106397049	0.077
0.10020245	0.062
0.100763476	0.054
0.101824056	0.043
0.102493278	0.043
0.122152545	0.122
0.10481388	0.054
0.126809211	0.104
0.11544253	0.105
0.105918486	0.086
0.11038929	0.116
0.138641841	0.184
0.147187135	0.205
0.106437435	0.139
0.107186431	0.122
0.106410748	0.11
0.107581076	0.098
0.106984688	0.092
0.107188487	0.094
0.111828846	0.089
0.13804047	0.173
0.108193439	0.1
0.10896827	0.075
0.110243794	0.065
0.109262123	0.057
0.109389754	0.049
0.111154534	0.045
0.120831958	0.056
0.123983352	0.103
0.105387999	0.06
0.11222544	0.105
0.140725836	0.165
0.104129581	0.093
0.123664084	0.118
0.111863377	0.129
0.142310282	0.19
0.130875856	0.229
0.112201807	0.18
0.128646632	0.239
0.109172182	0.208
0.106457056	0.172
0.104015862	0.139
0.110689756	0.133
0.106332818	0.118
0.10915988	0.111
0.109931106	0.103
0.112692666	0.091
0.108632235	0.084
0.109595789	0.077
0.108156805	0.073
0.159780591	0.172
0.110721566	0.123
0.119355908	0.119
0.107048294	0.106
0.105728472	0.09
0.10952877	0.084
0.10584605	0.073
0.105998186	0.066
0.117748175	0.088
0.098753813	0.079
0.102723831	0.088
0.099004611	0.081
0.108053538	0.104
0.122819359	0.182
0.098222109	0.146
0.099999157	0.112
0.148057395	0.321
0.097410464	0.163
0.09752928	0.122
0.101120815	0.133
0.099283135	0.12
0.105046422	0.119
0.098535768	0.095
0.102110171	0.091
0.109044651	0.104
0.109007265	0.123
0.139107497	0.255
0.120108231	0.246
0.120079143	0.299
0.105478778	0.217
0.1082294	0.276
0.100512158	0.229
0.104419083	0.2
0.103196925	0.161
0.111834874	0.159
0.121064613	0.231
0.116109397	0.263
0.105401652	0.221
0.122576538	0.242
0.107960398	0.318
0.095631846	0.279
0.093401557	0.22
0.093385961	0.191
0.097170298	0.188
0.09909378	0.188
0.145779828	0.338
0.094687613	0.212
0.118703053	0.246
0.108188748	0.299
0.11988871	0.358
0.105804647	0.314
0.095657541	0.315
0.095386144	0.284
0.097263857	0.287
0.119474764	0.316
0.097688615	0.411
0.096357076	0.394
0.096327655	0.193
0.100265671	0.195
0.10036096	0.202
0.098905549	0.212
0.100899025	0.192
0.098844791	0.156
0.119073938	0.194
0.098791936	0.192
0.112000223	0.244
0.116469956	0.261
0.104650181	0.257
0.118826712	0.344
0.11970344	0.468
0.094492776	0.424
0.115638791	0.538
0.093322049	0.476
0.092180956	0.436
0.10384829	0.449
0.100688685	0.502
0.095078459	0.353
0.108281037	0.416
0.119626793	0.487
0.103384284	0.368
0.109633001	0.384
0.111040355	0.405
0.134492428	0.446
0.09509583	0.361
0.094595045	0.262
0.108729294	0.243
0.14445799	0.391
0.095226316	0.3
0.095878114	0.208
0.105409703	0.197
0.096164435	0.186
0.097575834	0.176
0.097017117	0.158
0.097036964	0.149
0.097212021	0.111
0.097558508	0.076
0.098061024	0.069
0.098426946	0.069
0.099431451	0.067
0.099029016	0.037
0.108018156	0.155
0.097247803	0.169
0.093152029	0.125
0.093422595	0.111
0.093700892	0.108
0.095495591	0.094
0.095499976	0.1
0.095408505	0.094
0.09624989	0.072
0.096694728	0.067
0.097036771	0.07
0.097505022	0.07
0.096095818	0.067
0.096419631	0.065
0.096749758	0.073
0.097086465	0.078
0.100986277	0.079
0.101109158	0.076
0.106198247	0.067
0.105278292	0.062
0.104609415	0.074
0.10116339	0.07
0.101750709	0.062
0.103350738	0.066
0.100439051	0.074
0.100850395	0.074
0.101846664	0.068
0.111304042	0.073
0.105259882	0.063
0.102885714	0.054
0.103668356	0.062
0.095789983	0.055
0.096079351	0.055
0.097626233	0.047
0.096674156	0.038
0.096980124	0.04
0.097292154	0.041
0.105674952	0.048
0.101238699	0.06
0.098363373	0.071
0.098805223	0.049
0.099261591	0.044
0.09941056	0.031
0.099774905	0.03
0.100036549	0.031
0.100759277	0.022
0.100915711	0.023
0.102733984	0.026
0.103458057	0.031
0.102516585	0.039
0.103081217	0.037
0.103520678	0.034
0.104109515	0.033
0.103992143	0.036
0.104347186	0.031
0.104863401	0.023
0.106371846	0.02
0.110261153	0.021
0.107775494	0.024
0.106787802	0.024
0.107476971	0.033
0.099603015	0.036
0.099669409	0.027
0.101509591	0.026
0.100345691	0.029
0.100691639	0.032
0.107103318	0.04
0.101506052	0.036
0.101875353	0.032
0.102360371	0.031
0.102634223	0.031
0.102956619	0.031
0.103410459	0.031
0.103869421	0.031
0.104353514	0.031
0.104861106	0.031
0.105375065	0.031
0.107251595	0.026
0.106418852	0.022
0.106946844	0.017
0.107629173	0.009
0.108009879	0.006
0.108542674	0.004
0.109074711	0.003
0.10975861	0.002
0.110131538	0.002
0.110653781	0.001
0.111938573	0
0.111681527	0
0.113278029	0
0.112696445	0
0.112983631	0
