年	月	日	雨量	黄崩溜沟流量（7.47平方千米）
2005	1	1	0.6207	0.0149
2005	1	2	0.4413	0.0149
2005	1	3	0.0192	0.0149
2005	1	4	0.3363	0.0149
2005	1	5	0	0.0149
2005	1	6	0.4329	0.0171
2005	1	7	0.0399	0.0202
2005	1	8	0	0.0202
2005	1	9	0.018	0.0202
2005	1	10	0	0.0171
2005	1	11	0	0.011
2005	1	12	0.1047	0.011
2005	1	13	0	0.011
2005	1	14	0	0.0098
2005	1	15	0	0.0087
2005	1	16	0.8004	0.0087
2005	1	17	0	0.0087
2005	1	18	0.2694	0.0087
2005	1	19	0	0.0077
2005	1	20	0	0.0067
2005	1	21	0.1494	0.0067
2005	1	22	0.1239	0.0067
2005	1	23	1.6629	0.0055
2005	1	24	0	0.0041
2005	1	25	0.1905	0.0041
2005	1	26	0.2067	0.0041
2005	1	27	0	0.0041
2005	1	28	0	0.0044
2005	1	29	0.0237	0.005
2005	1	30	0	0.005
2005	1	31	0.0732	0.0048
2005	2	1	0.03	0.0044
2005	2	2	0.0285	0.0044
2005	2	3	0	0.0044
2005	2	4	1.4337	0.0044
2005	2	5	0	0.0047
2005	2	6	0	0.005
2005	2	7	0	0.005
2005	2	8	0.057	0.005
2005	2	9	0	0.005
2005	2	10	0.15	0.005
2005	2	11	0	0.005
2005	2	12	2.4441	0.005
2005	2	13	3.6801	0.005
2005	2	14	1.026	0.005
2005	2	15	0.0852	0.0047
2005	2	16	0	0.0041
2005	2	17	0	0.0041
2005	2	18	0	0.0041
2005	2	19	0.2253	0.0041
2005	2	20	0.1257	0.0045
2005	2	21	0.1365	0.005
2005	2	22	0	0.005
2005	2	23	0.8754	0.005
2005	2	24	0	0.005
2005	2	25	0.18	0.0046
2005	2	26	0.09	0.0041
2005	2	27	0	0.0041
2005	2	28	0.0699	0.0043
2005	3	1	0.7245	0.005
2005	3	2	4.6089	0.0058
2005	3	3	0.4179	0.0071
2005	3	4	0.1629	0.0071
2005	3	5	2.2542	0.0071
2005	3	6	3.2571	0.0071
2005	3	7	1.7871	0.0096
2005	3	8	2.544	0.0137
2005	3	9	3.3513	0.0137
2005	3	10	1.6155	0.0137
2005	3	11	0.6867	0.0137
2005	3	12	0.1848	0.0092
2005	3	13	0	0.0053
2005	3	14	1.0914	0.0053
2005	3	15	1.1049	0.0053
2005	3	16	3.0354	0.0058
2005	3	17	12.9966	0.0063
2005	3	18	0.8493	0.0063
2005	3	19	0.3627	0.0063
2005	3	20	0.9144	0.0067
2005	3	21	1.3131	0.0071
2005	3	22	0.7128	0.0071
2005	3	23	0	0.0071
2005	3	24	0.0192	0.0071
2005	3	25	0.0288	0.0071
2005	3	26	1.0056	0.0093
2005	3	27	0.5766	0.0121
2005	3	28	0.3906	0.0121
2005	3	29	0.1653	0.0121
2005	3	30	0.1896	0.0129
2005	3	31	0	0.0137
2005	4	1	0.5814	0.0137
2005	4	2	3.144	0.0137
2005	4	3	1.4043	0.0081
2005	4	4	0.5355	0.0024
2005	4	5	0.4389	0.0024
2005	4	6	1.245	0.0024
2005	4	7	4.8327	0.003
2005	4	8	5.2251	0.0036
2005	4	9	0.9189	0.0036
2005	4	10	0.2457	0.0036
2005	4	11	0	0.0109
2005	4	12	0.9264	0.0238
2005	4	13	0.5859	0.0151
2005	4	14	0.1026	0.0165
2005	4	15	0.4863	0.0145
2005	4	16	0.8667	0.0166
2005	4	17	0.3546	0.0186
2005	4	18	1.5918	0.0176
2005	4	19	0.4398	0.0262
2005	4	20	0.5823	0.0393
2005	4	21	1.2675	0.0419
2005	4	22	4.1991	0.0401
2005	4	23	1.4793	0.037
2005	4	24	21.9318	0.0334
2005	4	25	8.1303	0.0489
2005	4	26	2.9589	0.0486
2005	4	27	0.8727	0.068
2005	4	28	1.8876	0.06
2005	4	29	1.4337	0.0672
2005	4	30	2.7669	0.0576
2005	5	1	3.2346	0.0876
2005	5	2	5.3097	0.0654
2005	5	3	2.8857	0.0634
2005	5	4	8.4495	0.0604
2005	5	5	8.3619	0.078
2005	5	6	2.3301	0.0671
2005	5	7	2.3559	0.0592
2005	5	8	6.2748	0.0643
2005	5	9	0.7896	0.0615
2005	5	10	1.3785	0.0649
2005	5	11	0.6126	0.0699
2005	5	12	2.0139	0.0736
2005	5	13	3.4641	0.0842
2005	5	14	3.3498	0.1124
2005	5	15	1.686	0.1019
2005	5	16	2.9157	0.0781
2005	5	17	4.8918	0.0801
2005	5	18	5.8881	0.0979
2005	5	19	1.4226	0.1516
2005	5	20	1.4493	0.1328
2005	5	21	0.6903	0.1631
2005	5	22	3.4467	0.141
2005	5	23	6.2469	0.1046
2005	5	24	1.5951	0.1298
2005	5	25	1.7229	0.1227
2005	5	26	3.2595	0.1777
2005	5	27	2.0922	0.1347
2005	5	28	1.3596	0.1536
2005	5	29	9.5532	0.1574
2005	5	30	1.098	0.182
2005	5	31	4.9002	0.1724
2005	6	1	5.2995	0.2614
2005	6	2	3.0168	0.1667
2005	6	3	3.9066	0.1475
2005	6	4	2.4039	0.1271
2005	6	5	4.2555	0.1685
2005	6	6	8.1333	0.2458
2005	6	7	2.6661	0.2555
2005	6	8	2.1432	0.2005
2005	6	9	1.9743	0.1717
2005	6	10	1.371	0.1641
2005	6	11	1.3947	0.1416
2005	6	12	22.8855	0.1269
2005	6	13	0.7173	0.1341
2005	6	14	7.8789	0.1092
2005	6	15	1.0854	0.0933
2005	6	16	2.4534	0.0809
2005	6	17	13.341	0.1348
2005	6	18	8.2644	0.2235
2005	6	19	16.6092	0.2031
2005	6	20	4.9875	0.2335
2005	6	21	2.5341	0.2341
2005	6	22	7.4826	0.2105
2005	6	23	3.4272	0.1884
2005	6	24	15.6567	0.1799
2005	6	25	3.2328	0.3635
2005	6	26	2.5887	0.2873
2005	6	27	5.6265	0.1979
2005	6	28	4.9599	0.1604
2005	6	29	8.7543	0.1404
2005	6	30	7.3212	0.16
2005	7	1	8.7681	0.102
2005	7	2	16.14	0.0935
2005	7	3	2.0172	0.1599
2005	7	4	1.1457	0.2715
2005	7	5	1.7856	0.1865
2005	7	6	3.9615	0.1501
2005	7	7	13.0497	0.1758
2005	7	8	2.1039	0.1775
2005	7	9	8.8128	0.0731
2005	7	10	16.0401	0.0262
2005	7	11	3.3315	0.0138
2005	7	12	2.3982	0.1535
2005	7	13	2.5938	0.2684
2005	7	14	4.3518	0.2319
2005	7	15	4.4262	0.287
2005	7	16	12.5406	0.3221
2005	7	17	4.2276	0.405
2005	7	18	4.1883	0.4483
2005	7	19	0.9237	0.5235
2005	7	20	2.1105	0.5048
2005	7	21	1.3092	0.5195
2005	7	22	0.7812	0.5249
2005	7	23	2.085	0.4958
2005	7	24	1.1781	0.4822
2005	7	25	5.742	0.5197
2005	7	26	1.2894	0.5483
2005	7	27	5.5263	0.5684
2005	7	28	10.4121	0.603
2005	7	29	0.7866	0.6764
2005	7	30	2.0505	0.893
2005	7	31	9.2109	0.8003
2005	8	1	3.5406	0.7535
2005	8	2	5.7189	0.6237
2005	8	3	0.6069	0.5815
2005	8	4	8.1501	0.5076
2005	8	5	9.5748	0.5342
2005	8	6	2.0109	0.5154
2005	8	7	15.8421	0.6277
2005	8	8	26.9481	0.7204
2005	8	9	0.1767	0.5987
2005	8	10	1.2903	0.5678
2005	8	11	4.2915	0.5774
2005	8	12	20.6031	0.6329
2005	8	13	1.3986	0.6583
2005	8	14	2.6589	0.5522
2005	8	15	3.4878	0.477
2005	8	16	2.2812	0.5888
2005	8	17	1.2825	0.542
2005	8	18	2.3208	0.5124
2005	8	19	19.0995	0.4464
2005	8	20	9.1116	0.4765
2005	8	21	29.5947	0.483
2005	8	22	23.5068	0.4768
2005	8	23	4.0593	0.5483
2005	8	24	9.2808	0.4656
2005	8	25	19.7937	0.5618
2005	8	26	8.9274	0.6667
2005	8	27	8.1564	0.5421
2005	8	28	2.715	0.4727
2005	8	29	0.3819	0.4337
2005	8	30	3.2091	0.386
2005	8	31	2.5767	0.354
2005	9	1	2.7111	0.4802
2005	9	2	5.8512	0.5265
2005	9	3	1.3131	0.4076
2005	9	4	26.8992	0.3644
2005	9	5	4.3002	0.5195
2005	9	6	1.185	0.5568
2005	9	7	1.1823	0.4816
2005	9	8	2.4624	0.4162
2005	9	9	6.2928	0.3654
2005	9	10	3.3315	0.3358
2005	9	11	2.613	0.3061
2005	9	12	0.3147	0.2798
2005	9	13	0.6927	0.2666
2005	9	14	2.7198	0.2421
2005	9	15	3.1812	0.2251
2005	9	16	16.0455	0.2493
2005	9	17	1.419	0.2293
2005	9	18	1.9056	0.2229
2005	9	19	1.989	0.2005
2005	9	20	15.5481	0.1897
2005	9	21	5.5677	0.2716
2005	9	22	1.7418	0.2139
2005	9	23	1.968	0.2322
2005	9	24	4.8642	0.225
2005	9	25	0.6564	0.2111
2005	9	26	0.4191	0.1936
2005	9	27	1.4286	0.1921
2005	9	28	2.7342	0.1798
2005	9	29	1.8555	0.1631
2005	9	30	1.2141	0.1432
2005	10	1	6.3132	0.1616
2005	10	2	3.8613	0.1631
2005	10	3	8.586	0.1896
2005	10	4	10.5765	0.1998
2005	10	5	2.6556	0.1798
2005	10	6	21.5862	0.188
2005	10	7	2.3949	0.2042
2005	10	8	2.2101	0.1902
2005	10	9	0.0174	0.1957
2005	10	10	2.166	0.1962
2005	10	11	2.6358	0.1978
2005	10	12	2.2935	0.2084
2005	10	13	1.2876	0.2191
2005	10	14	1.7481	0.2356
2005	10	15	0	0.2132
2005	10	16	3.0081	0.1803
2005	10	17	2.151	0.1755
2005	10	18	0.984	0.1623
2005	10	19	0.5676	0.1594
2005	10	20	2.4792	0.1635
2005	10	21	1.7964	0.1612
2005	10	22	1.8498	0.153
2005	10	23	15.0705	0.1524
2005	10	24	4.6089	0.1611
2005	10	25	4.2627	0.1929
2005	10	26	0.9468	0.2339
2005	10	27	0.1722	0.2201
2005	10	28	0.2688	0.2206
2005	10	29	0.0843	0.2105
2005	10	30	0.0492	0.2018
2005	10	31	0.0858	0.2003
2005	11	1	0.0117	0.1853
2005	11	2	0.4734	0.1801
2005	11	3	0.5412	0.1747
2005	11	4	0.03	0.1697
2005	11	5	0	0.169
2005	11	6	0.609	0.1604
2005	11	7	0.0471	0.1507
2005	11	8	1.1544	0.1449
2005	11	9	0.0645	0.1354
2005	11	10	0.4734	0.1287
2005	11	11	0.0546	0.1203
2005	11	12	0.0126	0.1171
2005	11	13	0.1461	0.1238
2005	11	14	0	0.1322
2005	11	15	0.036	0.1258
2005	11	16	0	0.1123
2005	11	17	0	0.099
2005	11	18	1.5264	0.0928
2005	11	19	0.0576	0.1124
2005	11	20	0.5787	0.1224
2005	11	21	0.2568	0.1068
2005	11	22	0.0741	0.0974
2005	11	23	0.3516	0.0944
2005	11	24	0.1191	0.1082
2005	11	25	0.2283	0.1124
2005	11	26	0.6672	0.1161
2005	11	27	1.0677	0.1155
2005	11	28	0.0084	0.0926
2005	11	29	0.3024	0.0941
2005	11	30	0.0054	0.0965
2005	12	1	0.1002	0.0907
2005	12	2	0.03	0.0936
2005	12	3	0.1767	0.1013
2005	12	4	0.0342	0.0912
2005	12	5	0	0.0845
2005	12	6	0.0066	0.0958
2005	12	7	0.1401	0.09
2005	12	8	0.0117	0.0852
2005	12	9	0	0.072
2005	12	10	0.0855	0.0598
2005	12	11	0.0261	0.051
2005	12	12	0	0.0334
2005	12	13	0.0168	0.024
2005	12	14	0	0.0293
2005	12	15	0	0.0276
2005	12	16	0	0.0273
2005	12	17	0.0066	0.0266
2005	12	18	0	0.0265
2005	12	19	0	0.0265
2005	12	20	0	0.0235
2005	12	21	0.1191	0.0201
2005	12	22	0	0.0181
2005	12	23	0.0354	0.0181
2005	12	24	0	0.0181
2005	12	25	0.1497	0.0181
2005	12	26	0.0234	0.0159
2005	12	27	0	0.0137
2005	12	28	0.0285	0.014
2005	12	29	0.0132	0.0149
2005	12	30	0.1359	0.0149
2005	12	31	0	0.0149
2006	1	1	0	0.0036
2006	1	2	0.0363	0.0036
2006	1	3	0	0.0036
2006	1	4	0.0201	0.0036
2006	1	5	0.0396	0.0033
2006	1	6	0	0.0033
2006	1	7	0	0.0033
2006	1	8	0	0.0036
2006	1	9	0.0117	0.0036
2006	1	10	0	0.0036
2006	1	11	0.0672	0.0036
2006	1	12	0.0432	0.0036
2006	1	13	0.0537	0.0036
2006	1	14	0.8754	0.0036
2006	1	15	0.0063	0.0036
2006	1	16	0	0.0033
2006	1	17	0	0.0033
2006	1	18	0	0.0036
2006	1	19	0	0.0036
2006	1	20	0	0.0036
2006	1	21	0.0936	0.0033
2006	1	22	0	0.0036
2006	1	23	0	0.0036
2006	1	24	0.1137	0.0036
2006	1	25	0.7794	0.0036
2006	1	26	0	0.0033
2006	1	27	0.003	0.0033
2006	1	28	0.0201	0.0036
2006	1	29	0.165	0.0036
2006	1	30	0.0084	0.0036
2006	1	31	0.0972	0.0033
2006	2	1	0.1035	0.0036
2006	2	2	0.3999	0.0036
2006	2	3	0.87	0.0036
2006	2	4	0.0099	0.0036
2006	2	5	0	0.0033
2006	2	6	0	0.0033
2006	2	7	0.27	0.0036
2006	2	8	0.0801	0.0036
2006	2	9	0	0.0036
2006	2	10	0.2175	0.0033
2006	2	11	0.1401	0.0036
2006	2	12	0.12	0.0036
2006	2	13	1.2051	0.0036
2006	2	14	2.0451	0.0036
2006	2	15	0.2199	0.0033
2006	2	16	0.2517	0.0033
2006	2	17	0.8136	0.0033
2006	2	18	1.5819	0.0036
2006	2	19	2.4516	0.0036
2006	2	20	0.0984	0.0036
2006	2	21	2.7462	0.0036
2006	2	22	2.4027	0.0036
2006	2	23	1.3038	0.0036
2006	2	24	1.6722	0.0036
2006	2	25	0.1902	0.0033
2006	2	26	0.1752	0.0033
2006	2	27	2.3319	0.0033
2006	2	28	0.2001	0.0036
2006	3	1	0.69	0.0036
2006	3	2	0.69	0.0036
2006	3	3	0.7698	0.0036
2006	3	4	0.3501	0.0036
2006	3	5	1.1301	0.0036
2006	3	6	0.5499	0.0036
2006	3	7	0.7701	0.0036
2006	3	8	0.4599	0.0033
2006	3	9	0.3801	0.0033
2006	3	10	0.6	0.0036
2006	3	11	0	0.0036
2006	3	12	0	0.0036
2006	3	13	2.31	0.0033
2006	3	14	0.03	0.0036
2006	3	15	0	0.0036
2006	3	16	0.18	0.0036
2006	3	17	0.2901	0.0036
2006	3	18	0	0.0033
2006	3	19	0.5298	0.0033
2006	3	20	0.36	0.0036
2006	3	21	0.51	0.0036
2006	3	22	0.12	0.0036
2006	3	23	4.0899	0.0036
2006	3	24	0.9099	0.0033
2006	3	25	0.63	0.0036
2006	3	26	1.83	0.0036
2006	3	27	1.5699	0.0036
2006	3	28	0.15	0.0036
2006	3	29	0.54	0.0033
2006	3	30	0.33	0.0033
2006	3	31	0.2901	0.0036
2006	4	1	2.742	0.0036
2006	4	2	0.3189	0.0036
2006	4	3	1.7526	0.0036
2006	4	4	7.0167	0.0041
2006	4	5	2.3154	0.005
2006	4	6	4.8999	0.005
2006	4	7	3.2514	0.0049
2006	4	8	1.5924	0.0053
2006	4	9	0.9684	0.005
2006	4	10	1.5009	0.0046
2006	4	11	6.2241	0.005
2006	4	12	0.1134	0.0069
2006	4	13	0.5514	0.0074
2006	4	14	0.7917	0.0074
2006	4	15	3.2559	0.0074
2006	4	16	3.1257	0.0075
2006	4	17	0.3675	0.0085
2006	4	18	1.4874	0.0096
2006	4	19	0.0108	0.011
2006	4	20	0.1788	0.0134
2006	4	21	0.3501	0.015
2006	4	22	3.3066	0.0163
2006	4	23	3.6696	0.0181
2006	4	24	0.2148	0.0197
2006	4	25	6.2994	0.0242
2006	4	26	2.5764	0.0665
2006	4	27	6.6714	0.0675
2006	4	28	1.2165	0.0729
2006	4	29	8.2014	0.0614
2006	4	30	3.5859	0.0507
2006	5	1	5.6295	0.0427
2006	5	2	4.1901	0.0411
2006	5	3	3.9378	0.036
2006	5	4	3.4266	0.0423
2006	5	5	11.4843	0.0641
2006	5	6	5.6781	0.1772
2006	5	7	2.8116	0.1232
2006	5	8	3.1455	0.0819
2006	5	9	6.9345	0.0638
2006	5	10	2.2134	0.0719
2006	5	11	4.3764	0.0615
2006	5	12	2.8269	0.0605
2006	5	13	3.1122	0.0533
2006	5	14	1.4616	0.0603
2006	5	15	1.6587	0.0721
2006	5	16	2.5845	0.0666
2006	5	17	2.601	0.0673
2006	5	18	0.7437	0.0639
2006	5	19	0.9966	0.0536
2006	5	20	6.6804	0.0523
2006	5	21	1.7658	0.0911
2006	5	22	5.3796	0.0547
2006	5	23	4.7721	0.05
2006	5	24	1.4907	0.0809
2006	5	25	2.8308	0.0621
2006	5	26	2.7804	0.056
2006	5	27	20.826	0.2089
2006	5	28	1.0641	0.189
2006	5	29	11.7159	0.1673
2006	5	30	3.2064	0.2402
2006	5	31	1.7292	0.1768
2006	6	1	9.5115	0.1744
2006	6	2	10.8555	0.2963
2006	6	3	0.5307	0.2434
2006	6	4	1.4118	0.1975
2006	6	5	4.2141	0.1678
2006	6	6	2.0544	0.1613
2006	6	7	27.8598	0.1503
2006	6	8	8.6604	0.155
2006	6	9	0.7326	0.1479
2006	6	10	7.14	0.1244
2006	6	11	1.4193	0.1728
2006	6	12	14.9784	0.16
2006	6	13	6.7152	0.1808
2006	6	14	0.9063	0.1214
2006	6	15	2.6766	0.1071
2006	6	16	1.4565	0.0837
2006	6	17	2.5812	0.126
2006	6	18	1.9017	0.1659
2006	6	19	1.9842	0.148
2006	6	20	1.6656	0.1371
2006	6	21	1.2486	0.1357
2006	6	22	7.5465	0.1431
2006	6	23	0.9921	0.1338
2006	6	24	1.5729	0.106
2006	6	25	2.1177	0.0934
2006	6	26	23.1276	0.0999
2006	6	27	1.9728	0.0828
2006	6	28	7.8027	0.0857
2006	6	29	5.7762	0.0798
2006	6	30	1.1595	0.0819
2006	7	1	1.1592	0.0554
2006	7	2	11.1321	0.044
2006	7	3	17.4342	0.0429
2006	7	4	2.4834	0.0569
2006	7	5	0.6048	0.04
2006	7	6	14.8548	0.1057
2006	7	7	0.7143	0.2532
2006	7	8	1.9716	0.1757
2006	7	9	4.0083	0.1486
2006	7	10	5.0415	0.1376
2006	7	11	3.3867	0.2204
2006	7	12	1.6158	0.1916
2006	7	13	9.72	0.184
2006	7	14	6.111	0.2399
2006	7	15	2.9526	0.2644
2006	7	16	3.2655	0.1635
2006	7	17	1.3164	0.1387
2006	7	18	2.0994	0.1295
2006	7	19	0.9195	0.1252
2006	7	20	2.9325	0.1073
2006	7	21	9.5307	0.1
2006	7	22	19.017	0.1169
2006	7	23	1.8855	0.2026
2006	7	24	1.1883	0.192
2006	7	25	2.07	0.1538
2006	7	26	3.5478	0.1358
2006	7	27	2.6961	0.1214
2006	7	28	1.7691	0.1104
2006	7	29	2.2371	0.1016
2006	7	30	3.0102	0.0932
2006	7	31	13.9227	0.1257
2006	8	1	0.8664	0.139
2006	8	2	1.4544	0.0634
2006	8	3	1.6173	0.0498
2006	8	4	1.4949	0.0491
2006	8	5	2.3754	0.0492
2006	8	6	2.4618	0.0491
2006	8	7	1.7379	0.0491
2006	8	8	1.2795	0.0491
2006	8	9	0.6537	0.0496
2006	8	10	1.9263	0.0492
2006	8	11	0.6201	0.0491
2006	8	12	1.476	0.0492
2006	8	13	3.0495	0.0491
2006	8	14	4.5852	0.0491
2006	8	15	6.5124	0.0491
2006	8	16	2.6175	0.0496
2006	8	17	2.5881	0.0492
2006	8	18	0.3498	0.0491
2006	8	19	1.3902	0.0492
2006	8	20	0.8529	0.148
2006	8	21	1.7865	0.2707
2006	8	22	1.0842	0.3216
2006	8	23	3.3555	0.3473
2006	8	24	1.8807	0.3326
2006	8	25	0.9531	0.295
2006	8	26	1.3341	0.2431
2006	8	27	0.8682	0.213
2006	8	28	2.2758	0.1683
2006	8	29	2.259	0.115
2006	8	30	0.5421	0.1043
2006	8	31	1.2225	0.0941
2006	9	1	14.6418	0.0874
2006	9	2	2.1891	0.0806
2006	9	3	14.4531	0.0857
2006	9	4	6.5334	0.1556
2006	9	5	0.7074	0.2072
2006	9	6	36.4629	0.1066
2006	9	7	2.7141	0.129
2006	9	8	0.9783	0.2963
2006	9	9	9.9966	0.2257
2006	9	10	1.5996	0.2619
2006	9	11	0.6747	0.213
2006	9	12	0.8763	0.2192
2006	9	13	7.9185	0.1938
2006	9	14	0.7629	0.223
2006	9	15	1.3902	0.201
2006	9	16	1.917	0.165
2006	9	17	5.3781	0.1553
2006	9	18	0.3513	0.1908
2006	9	19	1.7592	0.1674
2006	9	20	1.0185	0.139
2006	9	21	2.5929	0.1012
2006	9	22	0.0456	0.0948
2006	9	23	1.4829	0.0836
2006	9	24	2.2074	0.0815
2006	9	25	1.4076	0.083
2006	9	26	1.551	0.0731
2006	9	27	1.2351	0.0795
2006	9	28	1.2249	0.0796
2006	9	29	1.0185	0.072
2006	9	30	2.175	0.0711
2006	10	1	12.216	0.0926
2006	10	2	11.1654	0.0945
2006	10	3	6.9351	0.0863
2006	10	4	0.213	0.1121
2006	10	5	0.8484	0.1139
2006	10	6	2.3943	0.1174
2006	10	7	3.3831	0.1229
2006	10	8	1.0599	0.1176
2006	10	9	0	0.1028
2006	10	10	2.5473	0.1104
2006	10	11	14.16	0.104
2006	10	12	1.9683	0.1482
2006	10	13	0.6078	0.1234
2006	10	14	1.218	0.1101
2006	10	15	2.2233	0.1111
2006	10	16	4.6311	0.1111
2006	10	17	1.1412	0.1109
2006	10	18	1.9089	0.1109
2006	10	19	3.7833	0.1108
2006	10	20	0.6201	0.1107
2006	10	21	2.4795	0.1107
2006	10	22	0.4602	0.1107
2006	10	23	0	0.1106
2006	10	24	0.3627	0.1105
2006	10	25	0.2133	0.1087
2006	10	26	0.0348	0.0994
2006	10	27	0.7047	0.0953
2006	10	28	4.2495	0.0938
2006	10	29	0.3126	0.0895
2006	10	30	0.8406	0.0883
2006	10	31	0.5298	0.0944
2006	11	1	0.0603	0.0758
2006	11	2	0.4104	0.0555
2006	11	3	0.7023	0.063
2006	11	4	0.9249	0.0675
2006	11	5	1.5531	0.0819
2006	11	6	1.8027	0.0704
2006	11	7	3.7104	0.0796
2006	11	8	2.1894	0.0941
2006	11	9	0.4893	0.0948
2006	11	10	1.6551	0.0809
2006	11	11	0.2517	0.0715
2006	11	12	0.3444	0.0243
2006	11	13	0.6057	0.0274
2006	11	14	0.3897	0.1237
2006	11	15	0.1488	0.2859
2006	11	16	0.9501	0.1822
2006	11	17	3.705	0.0526
2006	11	18	0.2427	0.0388
2006	11	19	5.4975	0.0462
2006	11	20	0.1284	0.0598
2006	11	21	0.4374	0.0785
2006	11	22	1.026	0.0805
2006	11	23	0.4056	0.0475
2006	11	24	0	0.0543
2006	11	25	0.0351	0.0526
2006	11	26	0.1479	0.055
2006	11	27	0	0.0516
2006	11	28	0.054	0.0462
2006	11	29	0	0.0549
2006	11	30	0.4737	0.0548
2006	12	1	0	0.0606
2006	12	2	0.4839	0.0396
2006	12	3	0	0.0454
2006	12	4	0.819	0.0762
2006	12	5	0	0.0971
2006	12	6	0.732	0.0868
2006	12	7	1.2012	0.0868
2006	12	8	0.5019	0.0868
2006	12	9	0.1194	0.0868
2006	12	10	0	0.0793
2006	12	11	0.1344	0.0643
2006	12	12	0.204	0.0643
2006	12	13	0.1449	0.0643
2006	12	14	0.0894	0.0643
2006	12	15	0	0.0643
2006	12	16	0.1761	0.0643
2006	12	17	0.0294	0.0643
2006	12	18	3.1056	0.0643
2006	12	19	0.0561	0.0643
2006	12	20	0	0.0643
2006	12	21	0	0.0643
2006	12	22	0.2199	0.0643
2006	12	23	0.0081	0.0643
2006	12	24	0.2586	0.0643
2006	12	25	0.3321	0.0643
2006	12	26	0	0.061
2006	12	27	0.084	0.06
2006	12	28	0.0912	0.0576
2006	12	29	0	0.0458
2006	12	30	3.072	0.0458
2006	12	31	0.018	0.0458
2007	1	1	0.1155	0.014
2007	1	2	0	0.014
2007	1	3	0	0.014
2007	1	4	1.0116	0.014
2007	1	5	0.4266	0.014
2007	1	6	0.0549	0.014
2007	1	7	0	0.014
2007	1	8	0	0.014
2007	1	9	0	0.014
2007	1	10	0.1884	0.014
2007	1	11	0.0249	0.014
2007	1	12	0.1374	0.014
2007	1	13	0	0.014
2007	1	14	0.0393	0.014
2007	1	15	0.0699	0.014
2007	1	16	0	0.014
2007	1	17	0	0.014
2007	1	18	0.0498	0.014
2007	1	19	0.1491	0.014
2007	1	20	0	0.014
2007	1	21	0	0.014
2007	1	22	0.7503	0.014
2007	1	23	0	0.014
2007	1	24	0.0801	0.014
2007	1	25	0.2052	0.014
2007	1	26	0.0354	0.014
2007	1	27	0.3036	0.014
2007	1	28	0.3159	0.014
2007	1	29	0.1878	0.014
2007	1	30	0.0249	0.014
2007	1	31	3.4032	0.014
2007	2	1	0.0051	0.014
2007	2	2	0.0045	0.014
2007	2	3	0.0447	0.014
2007	2	4	0.1263	0.014
2007	2	5	0.4875	0.014
2007	2	6	0.0732	0.014
2007	2	7	3.7398	0.014
2007	2	8	0.4467	0.014
2007	2	9	0.1377	0.01
2007	2	10	0.5205	0.005
2007	2	11	0.2472	0.005
2007	2	12	0.2214	0.005
2007	2	13	0.0336	0.005
2007	2	14	0.0354	0.005
2007	2	15	0.2499	0.005
2007	2	16	0.1095	0.005
2007	2	17	0	0.005
2007	2	18	0.1149	0.005
2007	2	19	0	0.005
2007	2	20	0.1026	0.005
2007	2	21	0.0408	0.005
2007	2	22	0.0969	0.005
2007	2	23	0	0.005
2007	2	24	0	0.005
2007	2	25	0	0.005
2007	2	26	0	0.005
2007	2	27	0.1194	0.005
2007	2	28	0.0192	0.005
2007	3	1	0.0618	0.005
2007	3	2	0.0216	0.005
2007	3	3	0.7467	0.004
2007	3	4	0.0189	0.003
2007	3	5	0.2343	0.003
2007	3	6	0.0357	0.003
2007	3	7	0	0.003
2007	3	8	0	0.003
2007	3	9	0	0.002
2007	3	10	0.1959	0.002
2007	3	11	0.0513	0.002
2007	3	12	0.0264	0.002
2007	3	13	1.683	0.004
2007	3	14	0.8124	0.007
2007	3	15	0	0.007
2007	3	16	0.0219	0.007
2007	3	17	0.0315	0.007
2007	3	18	0.1947	0.01
2007	3	19	0.5388	0.013
2007	3	20	0.6612	0.013
2007	3	21	1.6026	0.013
2007	3	22	0	0.013
2007	3	23	0.1359	0.017
2007	3	24	0.2838	0.022
2007	3	25	0.0606	0.022
2007	3	26	0.1674	0.022
2007	3	27	0.9555	0.022
2007	3	28	1.1169	0.021
2007	3	29	1.245	0.019
2007	3	30	0.7707	0.019
2007	3	31	2.637	0.013
2007	4	1	0.6369	0.006
2007	4	2	5.8065	0.005
2007	4	3	1.1931	0.005
2007	4	4	1.3413	0.005
2007	4	5	19.932	0.005
2007	4	6	5.9661	0.004
2007	4	7	5.9094	0.004
2007	4	8	3.3834	0.004
2007	4	9	0.9954	0.004
2007	4	10	0.4332	0.005
2007	4	11	6.6225	0.005
2007	4	12	1.8711	0.005
2007	4	13	4.5906	0.005
2007	4	14	1.8909	0.005
2007	4	15	5.0166	0.005
2007	4	16	11.6367	0.007
2007	4	17	0.1206	0.011
2007	4	18	8.1408	0.013
2007	4	19	3.2664	0.013
2007	4	20	1.5342	0.013
2007	4	21	8.3721	0.013
2007	4	22	5.0811	0.014
2007	4	23	11.8149	0.034
2007	4	24	5.8716	0.051
2007	4	25	3.4206	0.044
2007	4	26	0.5223	0.029
2007	4	27	9.5322	0.024
2007	4	28	0.3429	0.021
2007	4	29	0.3777	0.026
2007	4	30	6.7521	0.049
2007	5	1	0.2817	0.052
2007	5	2	4.8801	0.057
2007	5	3	23.253	0.065
2007	5	4	0.5322	0.077
2007	5	5	2.2815	0.062
2007	5	6	1.3005	0.054
2007	5	7	0.6762	0.043
2007	5	8	3.9225	0.043
2007	5	9	0.6156	0.122
2007	5	10	1.8357	0.054
2007	5	11	4.7844	0.104
2007	5	12	1.7937	0.105
2007	5	13	7.3698	0.086
2007	5	14	2.01	0.116
2007	5	15	44.8569	0.184
2007	5	16	7.3452	0.205
2007	5	17	3.3399	0.139
2007	5	18	5.4777	0.122
2007	5	19	1.5588	0.11
2007	5	20	5.1069	0.098
2007	5	21	1.8459	0.092
2007	5	22	3.0519	0.094
2007	5	23	9.6963	0.089
2007	5	24	0.5352	0.173
2007	5	25	0.6594	0.1
2007	5	26	0.5913	0.075
2007	5	27	1.8975	0.065
2007	5	28	0.6228	0.057
2007	5	29	1.7466	0.049
2007	5	30	0.5556	0.045
2007	5	31	1.4823	0.056
2007	6	1	2.6727	0.103
2007	6	2	0.8811	0.06
2007	6	3	11.2158	0.105
2007	6	4	2.5749	0.165
2007	6	5	2.1411	0.093
2007	6	6	7.2585	0.118
2007	6	7	13.1112	0.129
2007	6	8	12.0621	0.19
2007	6	9	3.2397	0.229
2007	6	10	8.0742	0.18
2007	6	11	3.4218	0.239
2007	6	12	2.9901	0.208
2007	6	13	3.3009	0.172
2007	6	14	2.319	0.139
2007	6	15	2.8506	0.133
2007	6	16	2.1333	0.118
2007	6	17	6.7335	0.111
2007	6	18	4.1868	0.103
2007	6	19	1.7328	0.091
2007	6	20	1.7976	0.084
2007	6	21	3.2292	0.077
2007	6	22	36.8631	0.073
2007	6	23	11.5872	0.172
2007	6	24	4.1835	0.123
2007	6	25	1.9788	0.119
2007	6	26	2.4285	0.106
2007	6	27	2.5149	0.09
2007	6	28	14.2353	0.084
2007	6	29	3.144	0.073
2007	6	30	2.7579	0.066
2007	7	1	4.0803	0.088
2007	7	2	15.3816	0.079
2007	7	3	8.5368	0.088
2007	7	4	5.5788	0.081
2007	7	5	7.9089	0.104
2007	7	6	2.6142	0.182
2007	7	7	0.6597	0.146
2007	7	8	5.9946	0.112
2007	7	9	1.3641	0.321
2007	7	10	0.9579	0.163
2007	7	11	2.2548	0.122
2007	7	12	0.7284	0.133
2007	7	13	3.3537	0.12
2007	7	14	1.3224	0.119
2007	7	15	2.2125	0.095
2007	7	16	23.6457	0.091
2007	7	17	12.1326	0.104
2007	7	18	11.0421	0.123
2007	7	19	2.847	0.255
2007	7	20	1.1766	0.246
2007	7	21	3.0645	0.299
2007	7	22	8.3556	0.217
2007	7	23	0.3444	0.276
2007	7	24	3.8526	0.229
2007	7	25	4.7238	0.2
2007	7	26	11.2458	0.161
2007	7	27	9.3543	0.159
2007	7	28	2.6637	0.231
2007	7	29	1.2582	0.263
2007	7	30	0.8142	0.221
2007	7	31	12.303	0.242
2007	8	1	5.1441	0.318
2007	8	2	2.6109	0.279
2007	8	3	2.9826	0.22
2007	8	4	2.4201	0.191
2007	8	5	3.384	0.188
2007	8	6	16.296	0.188
2007	8	7	16.2726	0.338
2007	8	8	4.3962	0.212
2007	8	9	5.5374	0.246
2007	8	10	10.1055	0.299
2007	8	11	10.8342	0.358
2007	8	12	4.4526	0.314
2007	8	13	3.2085	0.315
2007	8	14	2.6625	0.284
2007	8	15	6.6933	0.287
2007	8	16	0.3696	0.316
2007	8	17	2.085	0.411
2007	8	18	2.5476	0.394
2007	8	19	3.7302	0.193
2007	8	20	6.903	0.195
2007	8	21	2.9385	0.202
2007	8	22	1.5774	0.212
2007	8	23	2.5539	0.192
2007	8	24	3.6477	0.156
2007	8	25	4.2096	0.194
2007	8	26	3.7773	0.192
2007	8	27	6.6924	0.244
2007	8	28	2.2263	0.261
2007	8	29	11.6328	0.257
2007	8	30	6.6099	0.344
2007	8	31	6.4914	0.468
2007	9	1	4.2516	0.424
2007	9	2	10.203	0.538
2007	9	3	0.8286	0.476
2007	9	4	1.6614	0.436
2007	9	5	8.277	0.449
2007	9	6	1.8483	0.502
2007	9	7	2.019	0.353
2007	9	8	54.7338	0.416
2007	9	9	11.2032	0.487
2007	9	10	18.6198	0.368
2007	9	11	17.2095	0.384
2007	9	12	2.0973	0.405
2007	9	13	2.835	0.446
2007	9	14	0.9261	0.361
2007	9	15	1.9629	0.262
2007	9	16	1.959	0.243
2007	9	17	1.0809	0.391
2007	9	18	2.4561	0.3
2007	9	19	2.7363	0.208
2007	9	20	1.0296	0.197
2007	9	21	0.9336	0.186
2007	9	22	0.1173	0.176
2007	9	23	1.4526	0.158
2007	9	24	0.3996	0.149
2007	9	25	1.2699	0.111
2007	9	26	2.5806	0.076
2007	9	27	2.3787	0.069
2007	9	28	1.611	0.069
2007	9	29	2.4612	0.067
2007	9	30	7.4703	0.037
2007	10	1	5.8554	0.155
2007	10	2	0.9453	0.169
2007	10	3	2.3931	0.125
2007	10	4	4.035	0.111
2007	10	5	3.6903	0.108
2007	10	6	2.772	0.094
2007	10	7	2.3757	0.1
2007	10	8	1.7661	0.094
2007	10	9	3.5724	0.072
2007	10	10	1.6452	0.067
2007	10	11	0.8475	0.07
2007	10	12	1.1703	0.07
2007	10	13	1.0032	0.067
2007	10	14	1.1172	0.065
2007	10	15	10.5489	0.073
2007	10	16	3.6942	0.078
2007	10	17	1.0317	0.079
2007	10	18	9.2427	0.076
2007	10	19	0.7317	0.067
2007	10	20	1.7619	0.062
2007	10	21	0.1839	0.074
2007	10	22	0.0171	0.07
2007	10	23	1.2891	0.062
2007	10	24	0.2469	0.066
2007	10	25	0	0.074
2007	10	26	0	0.074
2007	10	27	2.2077	0.068
2007	10	28	0.03	0.073
2007	10	29	0	0.063
2007	10	30	0.8556	0.054
2007	10	31	0.3861	0.062
2007	11	1	0.6174	0.055
2007	11	2	3.4425	0.055
2007	11	3	0.1725	0.047
2007	11	4	0.8367	0.038
2007	11	5	1.7379	0.04
2007	11	6	1.1502	0.041
2007	11	7	2.4594	0.048
2007	11	8	0.9084	0.06
2007	11	9	0.0924	0.071
2007	11	10	3.6852	0.049
2007	11	11	0.7338	0.044
2007	11	12	0.8004	0.031
2007	11	13	0.5259	0.03
2007	11	14	1.3101	0.031
2007	11	15	0.0924	0.022
2007	11	16	0.1362	0.023
2007	11	17	0.0234	0.026
2007	11	18	0	0.031
2007	11	19	0.1665	0.039
2007	11	20	0	0.037
2007	11	21	0.7437	0.034
2007	11	22	0.1398	0.033
2007	11	23	0.0105	0.036
2007	11	24	0.4032	0.031
2007	11	25	1.827	0.023
2007	11	26	3.8361	0.02
2007	11	27	0.0528	0.021
2007	11	28	1.8669	0.024
2007	11	29	0	0.024
2007	11	30	0.1704	0.033
2007	12	1	0	0.036
2007	12	2	0	0.027
2007	12	3	0.3924	0.026
2007	12	4	0.6672	0.029
2007	12	5	0.0843	0.032
2007	12	6	0	0.04
2007	12	7	0.0582	0.036
2007	12	8	0.0399	0.032
2007	12	9	0	0.031
2007	12	10	0.3243	0.031
2007	12	11	0	0.031
2007	12	12	0.3462	0.031
2007	12	13	0	0.031
2007	12	14	0.2961	0.031
2007	12	15	0	0.031
2007	12	16	0.0345	0.031
2007	12	17	0	0.026
2007	12	18	0	0.022
2007	12	19	0.3726	0.017
2007	12	20	0.0279	0.009
2007	12	21	0.435	0.006
2007	12	22	0.8835	0.004
2007	12	23	0	0.003
2007	12	24	0	0.002
2007	12	25	0.1311	0.002
2007	12	26	0.5103	0.001
2007	12	27	0	0
2007	12	28	0.7644	0
2007	12	29	0.063	0
2007	12	30	0.432	0
2007	12	31	0.0072	0
