年	月	日	雨量	气温（处理之后）	海螺沟流量（80.5平方千米）
2005	1	1	0.6207	-6.89	6.2543
2005	1	2	0.4413	-2.78	6.2395
2005	1	3	0.0192	0.53	6.1854
2005	1	4	0.3363	-3.47	6.3067
2005	1	5	0	-1.57	6.1977
2005	1	6	0.4329	0.34	6.3194
2005	1	7	0.0399	-4.91	6.3583
2005	1	8	0	-6.27	6.2717
2005	1	9	0.018	-4.81	6.2224
2005	1	10	0	-6.17	6.1486
2005	1	11	0	-7.1	6.1791
2005	1	12	0.1047	-8.13	6.2246
2005	1	13	0	-7.23	6.2394
2005	1	14	0	-9.05	5.8373
2005	1	15	0	-6.37	5.8373
2005	1	16	0.8004	-4.98	5.8373
2005	1	17	0	-4.14	5.8373
2005	1	18	0.2694	-5.69	5.8373
2005	1	19	0	-6.55	5.8828
2005	1	20	0	-7	5.9212
2005	1	21	0.1494	-6.84	5.9212
2005	1	22	0.1239	-5	5.9212
2005	1	23	1.6629	-0.64	5.8608
2005	1	24	0	-2.98	5.8096
2005	1	25	0.1905	-0.25	5.8096
2005	1	26	0.2067	-1.47	5.8096
2005	1	27	0	-1.6	5.8096
2005	1	28	0	0.37	5.8468
2005	1	29	0.0237	-1.01	5.9212
2005	1	30	0	-2.71	5.9212
2005	1	31	0.0732	-5.04	5.9025
2005	2	1	0.03	-6.4	5.8651
2005	2	2	0.0285	-5.18	5.8651
2005	2	3	0	-1.25	5.8651
2005	2	4	1.4337	0.85	5.8651
2005	2	5	0	0.96	5.8098
2005	2	6	0	1.55	5.7545
2005	2	7	0	0.47	5.5396
2005	2	8	0.057	2.09	5.5396
2005	2	9	0	-2.91	5.5396
2005	2	10	0.15	-2.15	5.5396
2005	2	11	0	0.22	5.5396
2005	2	12	2.4441	-3.49	5.5396
2005	2	13	3.6801	-3.09	5.317
2005	2	14	1.026	-2.53	5.3073
2005	2	15	0.0852	-3.85	5.3073
2005	2	16	0	-5.53	5.3073
2005	2	17	0	-5.51	5.3073
2005	2	18	0	-6.88	5.3073
2005	2	19	0.2253	-8.26	5.3073
2005	2	20	0.1257	-7.5	5.3073
2005	2	21	0.1365	-4.58	5.3073
2005	2	22	0	-0.41	5.3073
2005	2	23	0.8754	2.64	5.3073
2005	2	24	0	2.78	5.3073
2005	2	25	0.18	-1.52	5.3073
2005	2	26	0.09	-3.24	5.3073
2005	2	27	0	-3.4	5.3073
2005	2	28	0.0699	-3.76	5.3073
2005	3	1	0.7245	-3.71	5.3073
2005	3	2	4.6089	-3.42	5.3073
2005	3	3	0.4179	-4.21	5.3073
2005	3	4	0.1629	-4.63	5.3073
2005	3	5	2.2542	-3.8	5.3073
2005	3	6	3.2571	-1.32	5.3073
2005	3	7	1.7871	0.78	5.2573
2005	3	8	2.544	1.98	5.2073
2005	3	9	3.3513	3.31	5.2073
2005	3	10	1.6155	5.08	5.2073
2005	3	11	0.6867	3.17	5.2073
2005	3	12	0.1848	-1.04	5.2073
2005	3	13	0	1.21	5.2073
2005	3	14	1.0914	4.99	5.2073
2005	3	15	1.1049	5.24	5.2073
2005	3	16	3.0354	0.29	5.4165
2005	3	17	12.9966	0.48	5.566
2005	3	18	0.8493	0.06	5.566
2005	3	19	0.3627	4.51	5.566
2005	3	20	0.9144	3.23	5.9469
2005	3	21	1.3131	2.52	6.2692
2005	3	22	0.7128	0.26	6.2692
2005	3	23	0	-1.61	6.2692
2005	3	24	0.0192	-2.42	6.2692
2005	3	25	0.0288	-2.24	6.2692
2005	3	26	1.0056	-1.25	6.215
2005	3	27	0.5766	-0.38	6.151
2005	3	28	0.3906	1.37	6.151
2005	3	29	0.1653	0.79	6.151
2005	3	30	0.1896	0.77	6.3805
2005	3	31	0	1.15	6.5748
2005	4	1	0.5814	0.91	6.5748
2005	4	2	3.144	1.24	6.5748
2005	4	3	1.4043	1.23	5.9575
2005	4	4	0.5355	2.93	5.4351
2005	4	5	0.4389	5.61	5.4351
2005	4	6	1.245	6.66	5.4351
2005	4	7	4.8327	8.13	5.7365
2005	4	8	5.2251	6.69	6.0927
2005	4	9	0.9189	3.1	6.0927
2005	4	10	0.2457	0.86	6.0927
2005	4	11	0	-0.97	5.9789
2005	4	12	0.9264	-4.05	5.8651
2005	4	13	0.5859	-1.38	5.8651
2005	4	14	0.1026	2.21	5.8651
2005	4	15	0.4863	3.05	5.7319
2005	4	16	0.8667	2.69	5.7343
2005	4	17	0.3546	2.75	6.0328
2005	4	18	1.5918	3.04	5.8287
2005	4	19	0.4398	5.28	6.3184
2005	4	20	0.5823	7.42	6.5824
2005	4	21	1.2675	7.5	7.7323
2005	4	22	4.1991	5.93	8.2561
2005	4	23	1.4793	4.3	8.0781
2005	4	24	21.9318	5.13	8.0274
2005	4	25	8.1303	5.91	8.84
2005	4	26	2.9589	8	8.8219
2005	4	27	0.8727	6.88	10.4198
2005	4	28	1.8876	7.44	10.5408
2005	4	29	1.4337	8.98	13.6642
2005	4	30	2.7669	10.09	13.8595
2005	5	1	3.2346	7.6	14.5942
2005	5	2	5.3097	7.69	13.7071
2005	5	3	2.8857	9.47	14.051
2005	5	4	8.4495	10.25	20.4962
2005	5	5	8.3619	7.34	24.7862
2005	5	6	2.3301	6.66	19.3622
2005	5	7	2.3559	8.31	18.4389
2005	5	8	6.2748	4.61	18.7004
2005	5	9	0.7896	5.57	16.8475
2005	5	10	1.3785	6.85	16.1233
2005	5	11	0.6126	6.4	16.2954
2005	5	12	2.0139	9.36	15.1491
2005	5	13	3.4641	9.53	14.8369
2005	5	14	3.3498	9.75	17.1102
2005	5	15	1.686	10.96	19.2337
2005	5	16	2.9157	11.67	17.6245
2005	5	17	4.8918	8.3	15.0735
2005	5	18	5.8881	6.49	14.1292
2005	5	19	1.4226	7.1	16.6974
2005	5	20	1.4493	7.71	16.9371
2005	5	21	0.6903	7.17	17.2856
2005	5	22	3.4467	6.9	18.0366
2005	5	23	6.2469	7.55	23.4552
2005	5	24	1.5951	7.75	29.0384
2005	5	25	1.7229	8.4	25.5393
2005	5	26	3.2595	11.45	35.4063
2005	5	27	2.0922	10.74	61.8982
2005	5	28	1.3596	11.2	132.5944
2005	5	29	9.5532	10.8	104.2712
2005	5	30	1.098	12.24	60.182
2005	5	31	4.9002	12.33	80.5245
2005	6	1	5.2995	7.38	0.6872
2005	6	2	3.0168	8.94	1.2238
2005	6	3	3.9066	9.46	1.6386
2005	6	4	2.4039	9.9	78.5435
2005	6	5	4.2555	9.44	33.8776
2005	6	6	8.1333	8.45	19.6486
2005	6	7	2.6661	10	26.2305
2005	6	8	2.1432	10.24	27.5784
2005	6	9	1.9743	7.76	33.1134
2005	6	10	1.371	10.13	33.907
2005	6	11	1.3947	9.07	34.4475
2005	6	12	22.8855	8.2	40.0334
2005	6	13	0.7173	8.4	36.2666
2005	6	14	7.8789	7.35	34.2172
2005	6	15	1.0854	7.76	44.406
2005	6	16	2.4534	9.72	56.433
2005	6	17	13.341	10.05	46.3858
2005	6	18	8.2644	11.65	37.1966
2005	6	19	16.6092	11.86	40.4851
2005	6	20	4.9875	13.19	56.1715
2005	6	21	2.5341	12.9	53.9594
2005	6	22	7.4826	10.48	36.7962
2005	6	23	3.4272	11.05	35.5152
2005	6	24	15.6567	12.29	38.45
2005	6	25	3.2328	13.99	37.4737
2005	6	26	2.5887	11.96	32.6554
2005	6	27	5.6265	14.26	34.4499
2005	6	28	4.9599	12.81	46.5035
2005	6	29	8.7543	12.7	40.2689
2005	6	30	7.3212	11.64	35.8773
2005	7	1	8.7681	14.07	32.8923
2005	7	2	16.14	15.08	32.6204
2005	7	3	2.0172	14.74	40.3072
2005	7	4	1.1457	13.29	53.5566
2005	7	5	1.7856	14.78	58.955
2005	7	6	3.9615	13.56	68.1334
2005	7	7	13.0497	11.64	61.7174
2005	7	8	2.1039	12.07	58.631
2005	7	9	8.8128	14.65	45.7065
2005	7	10	16.0401	14.2	44.8244
2005	7	11	3.3315	14.74	35.7293
2005	7	12	2.3982	14.13	27.9943
2005	7	13	2.5938	14.38	27.8719
2005	7	14	4.3518	12.75	31.792
2005	7	15	4.4262	13.13	30.6135
2005	7	16	12.5406	12.67	32.0466
2005	7	17	4.2276	13.28	37.1634
2005	7	18	4.1883	12.97	39.4848
2005	7	19	0.9237	12.49	42.3169
2005	7	20	2.1105	11.86	38.708
2005	7	21	1.3092	11.62	43.7234
2005	7	22	0.7812	12.57	38.7055
2005	7	23	2.085	13.4	35.9779
2005	7	24	1.1781	14.52	40.5433
2005	7	25	5.742	14.65	41.1863
2005	7	26	1.2894	14.55	48.185
2005	7	27	5.5263	14.57	52.496
2005	7	28	10.4121	15.58	63.9284
2005	7	29	0.7866	13.18	56.4834
2005	7	30	2.0505	13.89	72.1073
2005	7	31	9.2109	13.65	84.1441
2005	8	1	3.5406	14.25	84.4597
2005	8	2	5.7189	13.73	81.8198
2005	8	3	0.6069	13.17	79.3065
2005	8	4	8.1501	13.09	69.0255
2005	8	5	9.5748	11.5	75.5667
2005	8	6	2.0109	11.11	49.9653
2005	8	7	15.8421	11.03	46.534
2005	8	8	26.9481	11.93	57.668
2005	8	9	0.1767	12.33	65.4982
2005	8	10	1.2903	12.52	53.8327
2005	8	11	4.2915	12.77	58.6351
2005	8	12	20.6031	12.44	63.4806
2005	8	13	1.3986	12.86	66.0496
2005	8	14	2.6589	13.03	54.0091
2005	8	15	3.4878	13.72	45.1715
2005	8	16	2.2812	13.36	48.6084
2005	8	17	1.2825	12.5	45.596
2005	8	18	2.3208	12.06	46.9915
2005	8	19	19.0995	11.55	48.2729
2005	8	20	9.1116	10.48	50.4512
2005	8	21	29.5947	8.38	44.8726
2005	8	22	23.5068	9.1	49.1944
2005	8	23	4.0593	10.19	46.9725
2005	8	24	9.2808	10.64	38.8389
2005	8	25	19.7937	9.83	43.7194
2005	8	26	8.9274	9.32	48.1275
2005	8	27	8.1564	9.58	44.7093
2005	8	28	2.715	11.35	46.0668
2005	8	29	0.3819	13.63	44.2916
2005	8	30	3.2091	12.24	38.4622
2005	8	31	2.5767	12.51	39.3641
2005	9	1	2.7111	11.69	42.1073
2005	9	2	5.8512	10.2	40.0158
2005	9	3	1.3131	12.34	35.2231
2005	9	4	26.8992	10.67	33.1516
2005	9	5	4.3002	9.31	36.0837
2005	9	6	1.185	9.65	34.0532
2005	9	7	1.1823	9.5	30.4033
2005	9	8	2.4624	10.05	28.2769
2005	9	9	6.2928	10.64	28.8871
2005	9	10	3.3315	11.41	29.3041
2005	9	11	2.613	12.32	30.4268
2005	9	12	0.3147	10.19	26.5608
2005	9	13	0.6927	9.08	24.8429
2005	9	14	2.7198	11.32	27.8139
2005	9	15	3.1812	12.84	32.0713
2005	9	16	16.0455	12.15	33.7344
2005	9	17	1.419	10.79	36.1967
2005	9	18	1.9056	11.09	34.7022
2005	9	19	1.989	13.1	36.8977
2005	9	20	15.5481	14.23	39.0773
2005	9	21	5.5677	11.46	42.8741
2005	9	22	1.7418	9.47	37.2778
2005	9	23	1.968	9.42	36.419
2005	9	24	4.8642	9.34	32.9982
2005	9	25	0.6564	8.95	30.8297
2005	9	26	0.4191	8.64	30.0497
2005	9	27	1.4286	9.58	33.63
2005	9	28	2.7342	11.25	36.6031
2005	9	29	1.8555	12.83	35.8086
2005	9	30	1.2141	12.28	37.6335
2005	10	1	6.3132	11.81	37.8316
2005	10	2	3.8613	8.99	34.729
2005	10	3	8.586	6.98	30.6769
2005	10	4	10.5765	6.95	29.9239
2005	10	5	2.6556	8.16	31.3536
2005	10	6	21.5862	7.67	24.5553
2005	10	7	2.3949	3.03	20.4066
2005	10	8	2.2101	4.18	20.4066
2005	10	9	0.0174	5.89	20.4066
2005	10	10	2.166	7.7	20.4066
2005	10	11	2.6358	8.3	20.9235
2005	10	12	2.2935	8.93	20.217
2005	10	13	1.2876	6.91	21.5033
2005	10	14	1.7481	4.73	21.5033
2005	10	15	0	3.47	19.3997
2005	10	16	3.0081	6.58	15.1926
2005	10	17	2.151	5.15	15.1926
2005	10	18	0.984	9.15	15.1926
2005	10	19	0.5676	8.12	14.405
2005	10	20	2.4792	8.34	13.6174
2005	10	21	1.7964	8.93	13.6174
2005	10	22	1.8498	6.62	13.6174
2005	10	23	15.0705	6.77	13.6174
2005	10	24	4.6089	5.87	13.6174
2005	10	25	4.2627	5	12.732
2005	10	26	0.9468	4.11	10.5817
2005	10	27	0.1722	1.68	10.5817
2005	10	28	0.2688	1.32	10.5817
2005	10	29	0.0843	2.29	10.3119
2005	10	30	0.0492	1.14	10.0421
2005	10	31	0.0858	0.75	10.0421
2005	11	1	0.0117	2.27	10.0421
2005	11	2	0.4734	3.87	10.0421
2005	11	3	0.5412	5.43	10.0421
2005	11	4	0.03	6.56	10.0901
2005	11	5	0	3.71	10.1381
2005	11	6	0.609	4.25	10.1381
2005	11	7	0.0471	4.64	10.1381
2005	11	8	1.1544	4.17	9.9614
2005	11	9	0.0645	5.88	9.6669
2005	11	10	0.4734	5.49	9.6669
2005	11	11	0.0546	5.18	9.6669
2005	11	12	0.0126	4.5	9.7364
2005	11	13	0.1461	5.05	9.8059
2005	11	14	0	2.2	9.8059
2005	11	15	0.036	0.63	9.8059
2005	11	16	0	-1.63	9.8059
2005	11	17	0	-3.07	9.8059
2005	11	18	1.5264	-4.61	9.8059
2005	11	19	0.0576	-4.04	9.8059
2005	11	20	0.5787	-2.64	9.0144
2005	11	21	0.2568	-2.99	8.2228
2005	11	22	0.0741	-3.61	8.2228
2005	11	23	0.3516	-0.35	8.2228
2005	11	24	0.1191	-0.39	7.761
2005	11	25	0.2283	-0.04	7.3703
2005	11	26	0.6672	0.65	7.3703
2005	11	27	1.0677	0.33	7.3703
2005	11	28	0.0084	-1.89	7.4664
2005	11	29	0.3024	-2.94	7.5477
2005	11	30	0.0054	-2.38	7.395
2005	12	1	0.1002	-3.14	7.2658
2005	12	2	0.03	-2.64	5.9009
2005	12	3	0.1767	-1.87	4.536
2005	12	4	0.0342	-3.07	4.536
2005	12	5	0	-4.61	4.536
2005	12	6	0.0066	-3.1	4.433
2005	12	7	0.1401	-2.46	4.3458
2005	12	8	0.0117	-2.24	4.3458
2005	12	9	0	-2.79	3.8988
2005	12	10	0.0855	-5.46	3.7498
2005	12	11	0.0261	-6.59	3.7498
2005	12	12	0	-6.16	3.7498
2005	12	13	0.0168	-4.49	3.7498
2005	12	14	0	-5.25	3.6882
2005	12	15	0	-4.84	3.6442
2005	12	16	0	-4.81	3.6442
2005	12	17	0.0066	-5.48	3.6442
2005	12	18	0	-4.26	3.6645
2005	12	19	0	-3.87	3.679
2005	12	20	0	-5.48	3.679
2005	12	21	0.1191	-6.11	3.679
2005	12	22	0	-5.78	3.6508
2005	12	23	0.0354	-3.69	3.6269
2005	12	24	0	-3.41	3.6269
2005	12	25	0.1497	-3.77	3.6269
2005	12	26	0.0234	-1.79	3.5535
2005	12	27	0	-1.6	3.4914
2005	12	28	0.0285	-3.38	3.5081
2005	12	29	0.0132	-0.82	3.5248
2005	12	30	0.1359	-0.76	3.5544
2005	12	31	0	-2.32	3.5755
2006	1	1	0	-1.36	4.8618
2006	1	2	0.0363	-4.89	6.1917
2006	1	3	0	2.92	6.4202
2006	1	4	0.0201	-2.4	6.4202
2006	1	5	0.0396	-6.71	6.4202
2006	1	6	0	-9.88	6.4625
2006	1	7	0	-8.02	6.5125
2006	1	8	0	-4.45	6.5125
2006	1	9	0.0117	-3.8	6.5125
2006	1	10	0	-2.78	6.4111
2006	1	11	0.0672	-5.65	6.2692
2006	1	12	0.0432	-6.64	6.2692
2006	1	13	0.0537	-7.4	6.2692
2006	1	14	0.8754	-8.03	6.1883
2006	1	15	0.0063	-7.61	6.0927
2006	1	16	0	-8.46	6.0927
2006	1	17	0	-7.83	6.0927
2006	1	18	0	-9.09	5.9391
2006	1	19	0	-8.23	5.566
2006	1	20	0	-6.02	5.566
2006	1	21	0.0936	-6.17	5.566
2006	1	22	0	-6.65	5.5894
2006	1	23	0	-6.76	5.646
2006	1	24	0.1137	-3.26	5.646
2006	1	25	0.7794	-2.18	5.646
2006	1	26	0	-3.23	5.646
2006	1	27	0.003	-3.41	5.6027
2006	1	28	0.0201	-3.23	5.566
2006	1	29	0.165	-2.6	5.566
2006	1	30	0.0084	-1.79	5.566
2006	1	31	0.0972	-3.94	5.8004
2006	2	1	0.1035	-4.75	6.2692
2006	2	2	0.3999	-4.16	6.0256
2006	2	3	0.87	-2.34	5.782
2006	2	4	0.0099	-1.91	5.782
2006	2	5	0	-1.44	5.782
2006	2	6	0	-0.49	5.782
2006	2	7	0.27	-0.38	5.8096
2006	2	8	0.0801	-3.41	5.8373
2006	2	9	0	-4.97	5.8373
2006	2	10	0.2175	-2.15	5.8373
2006	2	11	0.1401	1.03	5.8841
2006	2	12	0.12	1.73	5.9779
2006	2	13	1.2051	1.02	5.9779
2006	2	14	2.0451	0.86	5.9779
2006	2	15	0.2199	0.49	5.9779
2006	2	16	0.2517	-5.17	5.932
2006	2	17	0.8136	-9.1	5.8931
2006	2	18	1.5819	-5.9	5.8931
2006	2	19	2.4516	-0.76	5.8931
2006	2	20	0.0984	0.8	5.4174
2006	2	21	2.7462	-0.62	4.9417
2006	2	22	2.4027	-1.72	4.9417
2006	2	23	1.3038	-2.48	4.9417
2006	2	24	1.6722	-2.07	5.1884
2006	2	25	0.1902	2.37	5.4351
2006	2	26	0.1752	1.78	5.4351
2006	2	27	2.3319	-2.35	5.4351
2006	2	28	0.2001	-6.53	4.9856
2006	3	1	0.69	-3.65	4.536
2006	3	2	0.69	-1.52	4.536
2006	3	3	0.7698	1.77	4.536
2006	3	4	0.3501	1.09	4.7785
2006	3	5	1.1301	1.94	5.1825
2006	3	6	0.5499	0.37	5.1825
2006	3	7	0.7701	1.65	5.1825
2006	3	8	0.4599	3.68	5.3334
2006	3	9	0.3801	2.73	5.4611
2006	3	10	0.6	2.99	5.4611
2006	3	11	0	2.6	5.4611
2006	3	12	0	-1.52	5.2053
2006	3	13	2.31	-7.5	4.9889
2006	3	14	0.03	-5.37	4.9889
2006	3	15	0	-2.87	4.9889
2006	3	16	0.18	-5.68	4.9889
2006	3	17	0.2901	2.41	5.3159
2006	3	18	0	-1.9	5.5926
2006	3	19	0.5298	1.73	5.5926
2006	3	20	0.36	4.02	5.5926
2006	3	21	0.51	3.05	5.5926
2006	3	22	0.12	1.25	5.6711
2006	3	23	4.0899	0.15	5.7272
2006	3	24	0.9099	0.22	5.7272
2006	3	25	0.63	0.25	5.8421
2006	3	26	1.83	0.03	5.9779
2006	3	27	1.5699	0.46	5.9779
2006	3	28	0.15	1.57	5.9779
2006	3	29	0.54	2.27	5.9779
2006	3	30	0.33	3.18	6.1739
2006	3	31	0.2901	5.8	6.3068
2006	4	1	2.742	5.36	6.5484
2006	4	2	0.3189	6.6	7.6716
2006	4	3	1.7526	7.18	7.8017
2006	4	4	7.0167	6.23	7.7473
2006	4	5	2.3154	1.55	7.3877
2006	4	6	4.8999	3.47	6.5868
2006	4	7	3.2514	4.48	6.3836
2006	4	8	1.5924	6.77	7.0919
2006	4	9	0.9684	5.74	7.4068
2006	4	10	1.5009	8.12	7.2194
2006	4	11	6.2241	8.85	8.6063
2006	4	12	0.1134	3.81	9.2841
2006	4	13	0.5514	-2.96	7.7731
2006	4	14	0.7917	-3.28	7.131
2006	4	15	3.2559	-1.89	6.8291
2006	4	16	3.1257	0.87	6.5166
2006	4	17	0.3675	5.19	6.556
2006	4	18	1.4874	5.51	6.8718
2006	4	19	0.0108	4.95	7.2431
2006	4	20	0.1788	7.41	7.3313
2006	4	21	0.3501	6.52	7.8326
2006	4	22	3.3066	6.27	8.2787
2006	4	23	3.6696	6.89	8.8985
2006	4	24	0.2148	7.16	9.0664
2006	4	25	6.2994	8.5	9.328
2006	4	26	2.5764	6.35	11.1145
2006	4	27	6.6714	5.63	10.3336
2006	4	28	1.2165	6.05	9.4617
2006	4	29	8.2014	8.77	9.8218
2006	4	30	3.5859	10.79	10.2096
2006	5	1	5.6295	10.65	10.1905
2006	5	2	4.1901	11.66	11.127
2006	5	3	3.9378	11.3	14.2434
2006	5	4	3.4266	11.27	20.6585
2006	5	5	11.4843	7.46	15.0641
2006	5	6	5.6781	8.54	19.1176
2006	5	7	2.8116	10.38	16.048
2006	5	8	3.1455	11.62	16.7058
2006	5	9	6.9345	10.51	16.7303
2006	5	10	2.2134	8.53	15.6653
2006	5	11	4.3764	9.91	16.7086
2006	5	12	2.8269	5.5	19.3496
2006	5	13	3.1122	0.5	12.0412
2006	5	14	1.4616	2.34	11.2662
2006	5	15	1.6587	6	10.8491
2006	5	16	2.5845	7.02	10.7432
2006	5	17	2.601	7.51	10.6057
2006	5	18	0.7437	9.04	10.7257
2006	5	19	0.9966	10.81	11.2375
2006	5	20	6.6804	11.03	10.7849
2006	5	21	1.7658	8.68	10.4513
2006	5	22	5.3796	9.7	10.9602
2006	5	23	4.7721	8.93	11.0857
2006	5	24	1.4907	7.73	13.7829
2006	5	25	2.8308	9.89	15.6416
2006	5	26	2.7804	9.28	18.099
2006	5	27	20.826	6.26	25.8163
2006	5	28	1.0641	4.6	15.6416
2006	5	29	11.7159	5.86	12.877
2006	5	30	3.2064	6.49	15.3522
2006	5	31	1.7292	9.57	13.6851
2006	6	1	9.5115	11.45	15.6698
2006	6	2	10.8555	10.17	27.7872
2006	6	3	0.5307	10.31	36.972
2006	6	4	1.4118	10.25	38.4115
2006	6	5	4.2141	11	41.172
2006	6	6	2.0544	11.45	44.926
2006	6	7	27.8598	10.08	40.645
2006	6	8	8.6604	8.8	39.6944
2006	6	9	0.7326	7.76	41.4218
2006	6	10	7.14	10.13	33.9873
2006	6	11	1.4193	9.07	33.5786
2006	6	12	14.9784	8.2	33.7278
2006	6	13	6.7152	8.4	41.8948
2006	6	14	0.9063	7.35	32.7944
2006	6	15	2.6766	7.76	28.9477
2006	6	16	1.4565	9.72	37.2846
2006	6	17	2.5812	10.05	32.3991
2006	6	18	1.9017	11.65	27.405
2006	6	19	1.9842	11.86	31.0197
2006	6	20	1.6656	13.19	38.7356
2006	6	21	1.2486	12.9	48.5001
2006	6	22	7.5465	10.48	48.1099
2006	6	23	0.9921	11.05	40.9237
2006	6	24	1.5729	12.29	33.7732
2006	6	25	2.1177	13.99	39.7334
2006	6	26	23.1276	11.96	41.4027
2006	6	27	1.9728	14.26	41.2556
2006	6	28	7.8027	12.81	39.9714
2006	6	29	5.7762	12.7	37.4834
2006	6	30	1.1595	11.64	51.2521
2006	7	1	1.1592	14.07	51.1915
2006	7	2	11.1321	15.08	45.4932
2006	7	3	17.4342	14.74	25.8926
2006	7	4	2.4834	13.29	17.1639
2006	7	5	0.6048	14.78	14.9464
2006	7	6	14.8548	13.56	29.2574
2006	7	7	0.7143	11.64	50.5152
2006	7	8	1.9716	12.07	44.3051
2006	7	9	4.0083	14.65	49.5006
2006	7	10	5.0415	14.2	50.9356
2006	7	11	3.3867	14.74	54.078
2006	7	12	1.6158	14.13	52.7175
2006	7	13	9.72	14.38	56.442
2006	7	14	6.111	15.62	62.8387
2006	7	15	2.9526	16.83	72.1085
2006	7	16	3.2655	16.88	53.9124
2006	7	17	1.3164	16.36	47.052
2006	7	18	2.0994	14.56	43.487
2006	7	19	0.9195	15.7	50.0879
2006	7	20	2.9325	16.49	56.4241
2006	7	21	9.5307	16.03	56.119
2006	7	22	19.017	14.79	53.6919
2006	7	23	1.8855	11.65	50.7849
2006	7	24	1.1883	11.28	43.2808
2006	7	25	2.07	12.7	36.3071
2006	7	26	3.5478	13.41	35.6297
2006	7	27	2.6961	14.4	39.4969
2006	7	28	1.7691	14.61	41.4091
2006	7	29	2.2371	15.62	43.0676
2006	7	30	3.0102	15.72	43.261
2006	7	31	13.9227	13.8	39.3728
2006	8	1	0.8664	11.83	38.9194
2006	8	2	1.4544	12.31	32.4883
2006	8	3	1.6173	12.73	32.6082
2006	8	4	1.4949	11.53	33.1261
2006	8	5	2.3754	13.18	35.3534
2006	8	6	2.4618	13.32	37.4283
2006	8	7	1.7379	14.27	37.2413
2006	8	8	1.2795	14.33	37.3843
2006	8	9	0.6537	14.42	39.3511
2006	8	10	1.9263	15.33	41.1922
2006	8	11	0.6201	14.73	39.0229
2006	8	12	1.476	15.29	36.9455
2006	8	13	3.0495	14.21	27.6577
2006	8	14	4.5852	14.42	33.1084
2006	8	15	6.5124	14.91	37.9898
2006	8	16	2.6175	14.23	38.3993
2006	8	17	2.5881	13.83	39.39
2006	8	18	0.3498	13.83	37.4889
2006	8	19	1.3902	14.98	42.7594
2006	8	20	0.8529	13.79	51.6275
2006	8	21	1.7865	12.84	57.2582
2006	8	22	1.0842	12.09	53.654
2006	8	23	3.3555	10.87	49.2057
2006	8	24	1.8807	10.9	47.0639
2006	8	25	0.9531	11.72	36.7127
2006	8	26	1.3341	12.64	34.5786
2006	8	27	0.8682	13.65	37.5398
2006	8	28	2.2758	14.63	39.8292
2006	8	29	2.259	15.44	41.1573
2006	8	30	0.5421	16.67	43.0605
2006	8	31	1.2225	16.83	47.3775
2006	9	1	14.6418	16.03	51.9407
2006	9	2	2.1891	15.27	46.6466
2006	9	3	14.4531	15.98	43.2665
2006	9	4	6.5334	14.85	43.4923
2006	9	5	0.7074	11.72	31.6034
2006	9	6	36.4629	12.26	28.1474
2006	9	7	2.7141	11.27	40.4788
2006	9	8	0.9783	10.19	40.7216
2006	9	9	9.9966	7.03	28.9978
2006	9	10	1.5996	5.14	27.2238
2006	9	11	0.6747	5.78	24.6666
2006	9	12	0.8763	5.68	25.4204
2006	9	13	7.9185	6.17	19.4696
2006	9	14	0.7629	7.6	19.0683
2006	9	15	1.3902	9.26	19.2615
2006	9	16	1.917	9.2	18.1447
2006	9	17	5.3781	9.07	19.2522
2006	9	18	0.3513	9.85	21.3296
2006	9	19	1.7592	11.14	19.3291
2006	9	20	1.0185	10.06	19.292
2006	9	21	2.5929	10.21	19.1236
2006	9	22	0.0456	9.99	20.1743
2006	9	23	1.4829	10.16	19.3175
2006	9	24	2.2074	10.42	24.392
2006	9	25	1.4076	9.49	24.8767
2006	9	26	1.551	9.89	23.6455
2006	9	27	1.2351	9.62	29.6006
2006	9	28	1.2249		27.7514
2006	9	29	1.0185	9.23	27.0071
2006	9	30	2.175	8.75	23.2428
2006	10	1	12.216	7.35	21.028
2006	10	2	11.1654	8.21	19.2275
2006	10	3	6.9351	8.04	18.2772
2006	10	4	0.213	7.09	18.4954
2006	10	5	0.8484	6.26	18.1177
2006	10	6	2.3943	5.71	17.996
2006	10	7	3.3831	6.51	15.9978
2006	10	8	1.0599	6.48	15.7692
2006	10	9	0	7.77	13.3401
2006	10	10	2.5473	7.35	13.1155
2006	10	11	14.16	6.71	12.9788
2006	10	12	1.9683	6.76	13.3455
2006	10	13	0.6078	7.62	13.633
2006	10	14	1.218	8.68	15.0341
2006	10	15	2.2233	9.33	16.7849
2006	10	16	4.6311	10.57	17.8717
2006	10	17	1.1412	7.68	16.9789
2006	10	18	1.9089	9.15	15.3273
2006	10	19	3.7833	8.12	16.0587
2006	10	20	0.6201	8.34	14.473
2006	10	21	2.4795	8.93	14.1476
2006	10	22	0.4602	6.62	15.4416
2006	10	23	0	6.77	13.4054
2006	10	24	0.3627	5.87	13.017
2006	10	25	0.2133	5	12.7946
2006	10	26	0.0348	5.39	11.3925
2006	10	27	0.7047	6.4	11.7524
2006	10	28	4.2495	3.38	11.7524
2006	10	29	0.3126	3.99	10.9816
2006	10	30	0.8406	5.24	11.083
2006	10	31	0.5298	4.11	10.8077
2006	11	1	0.0603	4.28	10.1595
2006	11	2	0.4104	5.2	10.2899
2006	11	3	0.7023	6.05	10.5809
2006	11	4	0.9249	4.93	9.2826
2006	11	5	1.5531	1.89	6.4391
2006	11	6	1.8027	1.64	6.0698
2006	11	7	3.7104	1.97	6.0771
2006	11	8	2.1894	3.09	6.0927
2006	11	9	0.4893	3.84	6.0927
2006	11	10	1.6551	4.93	6.0819
2006	11	11	0.2517	4.68	6.071
2006	11	12	0.3444	4.91	6.0638
2006	11	13	0.6057	4.73	6.0638
2006	11	14	0.3897	3.75	6.0638
2006	11	15	0.1488	3.83	6.041
2006	11	16	0.9501	3.63	6.0482
2006	11	17	3.705	0.65	6.0422
2006	11	18	0.2427	0.71	6.0064
2006	11	19	5.4975	1.31	6.0064
2006	11	20	0.1284	0.55	6.0064
2006	11	21	0.4374	-0.46	5.8892
2006	11	22	1.026	-0.65	5.5587
2006	11	23	0.4056	-0.35	5.4492
2006	11	24	0	-0.39	5.4147
2006	11	25	0.0351	-0.51	5.3901
2006	11	26	0.1479	-1.31	5.3836
2006	11	27	0	-1.74	5.2826
2006	11	28	0.054	-3.08	5.2321
2006	11	29	0	-3.32	5.2311
2006	11	30	0.4737	-2.79	5.2093
2006	12	1	0	-2.2	5.2197
2006	12	2	0.4839	-3.44	5.2135
2006	12	3	0	-2.78	5.2073
2006	12	4	0.819	-1.27	5.2093
2006	12	5	0	-0.92	5.2073
2006	12	6	0.732	0.42	5.2073
2006	12	7	1.2012	-0.83	5.2073
2006	12	8	0.5019	-3.1	5.2073
2006	12	9	0.1194	-5.53	5.2073
2006	12	10	0	-5.25	5.2073
2006	12	11	0.1344	-4.39	5.2073
2006	12	12	0.204	-4.99	5.3717
2006	12	13	0.1449	-6.7	5.566
2006	12	14	0.0894	-3.93	5.566
2006	12	15	0	-3.81	5.566
2006	12	16	0.1761	-4.91	5.4882
2006	12	17	0.0294	-4.23	5.3326
2006	12	18	3.1056	-3.42	5.3326
2006	12	19	0.0561	-2.41	5.3326
2006	12	20	0	-3.49	5.3326
2006	12	21	0	-4.48	5.3326
2006	12	22	0.2199	-3.4	4.9828
2006	12	23	0.0081	-2.81	4.493
2006	12	24	0.2586	-3.19	4.493
2006	12	25	0.3321	-1.95	4.493
2006	12	26	0	-0.84	4.4735
2006	12	27	0.084	-2.2	4.4505
2006	12	28	0.0912	-2.84	4.4505
2006	12	29	0	-3.2	4.402
2006	12	30	3.072	-2.82	4.2842
2006	12	31	0.018	-2.82	4.2842
2007	1	1	0.1155	-3.31	4.284
2007	1	2	0	-4.15	4.3741
2007	1	3	0	-4.37	4.387
2007	1	4	1.0116	-5.34	4.6522
2007	1	5	0.4266	-6.88	4.712
2007	1	6	0.0549	-7.08	4.712
2007	1	7	0	-7.75	4.712
2007	1	8	0	-9.1	4.712
2007	1	9	0	-5.28	4.712
2007	1	10	0.1884	-2.78	4.6992
2007	1	11	0.0249	-5.65	4.69
2007	1	12	0.1374	-6.64	4.69
2007	1	13	0	-7.4	4.69
2007	1	14	0.0393	-8.03	4.69
2007	1	15	0.0699	-7.61	4.6775
2007	1	16	0	-8.46	4.667
2007	1	17	0	-7.83	4.667
2007	1	18	0.0498	-9.09	4.667
2007	1	19	0.1491	-8.23	4.667
2007	1	20	0	-6.02	4.667
2007	1	21	0	-6.17	4.667
2007	1	22	0.7503	-6.65	4.667
2007	1	23	0	-4.83	4.667
2007	1	24	0.0801	-3.26	4.667
2007	1	25	0.2052	-2.18	4.667
2007	1	26	0.0354	-3.23	4.6313
2007	1	27	0.3036	-3.41	4.601
2007	1	28	0.3159	-3.23	4.601
2007	1	29	0.1878	-2.6	4.601
2007	1	30	0.0249	-1.79	4.601
2007	1	31	3.4032	-3.94	4.574
2007	2	1	0.0051	-4.75	4.493
2007	2	2	0.0045	-4.16	4.5934
2007	2	3	0.0447	-2.34	4.734
2007	2	4	0.1263	-1.91	4.838
2007	2	5	0.4875	-1.44	4.942
2007	2	6	0.0732	0.49	4.942
2007	2	7	3.7398	-0.27	4.942
2007	2	8	0.4467	-0.6	4.942
2007	2	9	0.1377	-0.48	4.9263
2007	2	10	0.5205	0.73	4.895
2007	2	11	0.2472	0.75	4.895
2007	2	12	0.2214	1.61	4.895
2007	2	13	0.0336	-1.84	4.895
2007	2	14	0.0354	-3.56	4.895
2007	2	15	0.2499	-1.19	4.819
2007	2	16	0.1095	-1.91	4.667
2007	2	17	0	-3.78	4.667
2007	2	18	0.1149	-3.86	4.667
2007	2	19	0	-2.46	4.6569
2007	2	20	0.1026	-1.24	4.645
2007	2	21	0.0408	0.73	4.645
2007	2	22	0.0969	2.14	4.645
2007	2	23	0	3.6	4.5313
2007	2	24	0	-0.13	4.45
2007	2	25	0	0.32	4.45
2007	2	26	0	1.84	4.45
2007	2	27	0.1194	2.09	4.45
2007	2	28	0.0192	3.71	4.4679
2007	3	1	0.0618	3.97	4.493
2007	3	2	0.0216	2.35	4.493
2007	3	3	0.7467	3.73	4.6485
2007	3	4	0.0189	2.27	4.78
2007	3	5	0.2343	-3.63	4.658
2007	3	6	0.0357	-4.97	4.5133
2007	3	7	0	-4.92	4.264
2007	3	8	0	-4.24	4.1205
2007	3	9	0	-1.73	4.0998
2007	3	10	0.1959	-2.28	4.3541
2007	3	11	0.0513	-2.85	4.499
2007	3	12	0.0264	1.27	4.6915
2007	3	13	1.683	4.36	4.9638
2007	3	14	0.8124	5.64	5.061
2007	3	15	0	0.03	5.061
2007	3	16	0.0219	-2.24	5.061
2007	3	17	0.0315	-4.15	5.061
2007	3	18	0.1947	-1.98	5.1135
2007	3	19	0.5388	-2.03	5.158
2007	3	20	0.6612	-0.45	5.2677
2007	3	21	1.6026	3.72	5.7495
2007	3	22	0	3.08	6.0431
2007	3	23	0.1359	1.49	6.5616
2007	3	24	0.2838	0.78	6.733
2007	3	25	0.0606	0.76	6.6803
2007	3	26	0.1674	2.32	6.575
2007	3	27	0.9555	3.35	6.575
2007	3	28	1.1169	6.12	6.467
2007	3	29	1.245	7.8	6.3253
2007	3	30	0.7707	9.7	6.1813
2007	3	31	2.637	10.06	6.006
2007	4	1	0.6369	6.92	5.7864
2007	4	2	5.8065	0.49	5.4883
2007	4	3	1.1931	-3.28	5.3843
2007	4	4	1.3413	-2.34	5.1773
2007	4	5	19.932	-0.39	4.8868
2007	4	6	5.9661	1.39	4.78
2007	4	7	5.9094	0.47	4.78
2007	4	8	3.3834	0.16	4.78
2007	4	9	0.9954	0.38	4.78
2007	4	10	0.4332	3.28	4.8678
2007	4	11	6.6225	3.92	6.5435
2007	4	12	1.8711	4.62	8.145
2007	4	13	4.5906	4.39	8.145
2007	4	14	1.8909	6.77	8.4478
2007	4	15	5.0166	9.23	8.461
2007	4	16	11.6367	8.83	8.7993
2007	4	17	0.1206	7.82	9.621
2007	4	18	8.1408	8.76	9.621
2007	4	19	3.2664	11.44	9.621
2007	4	20	1.5342	7	9.621
2007	4	21	8.3721	6.73	9.621
2007	4	22	5.0811	6.46	11.3765
2007	4	23	11.8149	5.9	12.4953
2007	4	24	5.8716	4.4	8.461
2007	4	25	3.4206	2.12	8.2835
2007	4	26	0.5223	1.63	8.106
2007	4	27	9.5322	0.92	8.106
2007	4	28	0.3429	1.02	8.106
2007	4	29	0.3777	4.52	6.5899
2007	4	30	6.7521	7.73	5.307
2007	5	1	0.2817	8.03	6.6045
2007	5	2	4.8801	11.01	8.421
2007	5	3	23.253	5.1	8.431
2007	5	4	0.5322	5.76	8.501
2007	5	5	2.2815	8.74	9.799
2007	5	6	1.3005	11.19	11.097
2007	5	7	0.6762	8.74	11.097
2007	5	8	3.9225	10.31	11.097
2007	5	9	0.6156	8.98	11.097
2007	5	10	1.8357	10.87	12.2887
2007	5	11	4.7844	7.58	13.297
2007	5	12	1.7937	5.56	13.297
2007	5	13	7.3698	6.93	13.297
2007	5	14	2.01	8.02	13.297
2007	5	15	44.8569	7.06	13.297
2007	5	16	7.3452	3.66	13.297
2007	5	17	3.3399	7.33	12.4858
2007	5	18	5.4777	9.86	11.5767
2007	5	19	1.5588	10.89	13.0303
2007	5	20	5.1069	10.94	14.4105
2007	5	21	1.8459	13.21	17.6268
2007	5	22	3.0519	14.64	24.4878
2007	5	23	9.6963	14.64	30.854
2007	5	24	0.5352	8.21	30.9835
2007	5	25	0.6594	9.2	22.0085
2007	5	26	0.5913	8.19	18.7972
2007	5	27	1.8975	7.95	17.9078
2007	5	28	0.6228	10.38	16.7548
2007	5	29	1.7466	11.34	20.7894
2007	5	30	0.5556	13.14	26.8086
2007	5	31	1.4823	10.16	31.4726
2007	6	1	2.6727	9.54	29.6443
2007	6	2	0.8811	10.54	23.2635
2007	6	3	11.2158	11.05	24.4341
2007	6	4	2.5749	10.32	35.248
2007	6	5	2.1411	9.72	25.8665
2007	6	6	7.2585	10.03	27.5106
2007	6	7	13.1112	9.96	27.948
2007	6	8	12.0621	9.12	32.3153
2007	6	9	3.2397	8.18	32.3295
2007	6	10	8.0742	8.34	28.6521
2007	6	11	3.4218	7.4	29.5808
2007	6	12	2.9901	7.8	27.5948
2007	6	13	3.3009	9.75	28.8253
2007	6	14	2.319	10.98	27.9526
2007	6	15	2.8506	12.02	27.8279
2007	6	16	2.1333	12.07	28.9365
2007	6	17	6.7335	12.23	33.6359
2007	6	18	4.1868	11.86	35.5885
2007	6	19	1.7328	10.64	38.5647
2007	6	20	1.7976	10.26	37.8168
2007	6	21	3.2292	9.33	35.1428
2007	6	22	36.8631	11.68	38.1451
2007	6	23	11.5872	11.71	41.8867
2007	6	24	4.1835	12.09	33.1996
2007	6	25	1.9788	10.05	26.5563
2007	6	26	2.4285	11.43	25.9372
2007	6	27	2.5149	12.41	28.0475
2007	6	28	14.2353	13.21	30.8369
2007	6	29	3.144	14.85	33.1744
2007	6	30	2.7579	15.21	31.4557
2007	7	1	4.0803	12.97	32.0817
2007	7	2	15.3816	13.85	36.0138
2007	7	3	8.5368	13.93	38.1205
2007	7	4	5.5788	15.13	42.9756
2007	7	5	7.9089	14.15	41.2369
2007	7	6	2.6142	12.9	36.6788
2007	7	7	0.6597	13.61	34.6685
2007	7	8	5.9946	14.79	36.8296
2007	7	9	1.3641	12.35	48.4915
2007	7	10	0.9579	11.26	35.6159
2007	7	11	2.2548	12.6	26.2729
2007	7	12	0.7284	11.19	18.3257
2007	7	13	3.3537	12.91	19.6305
2007	7	14	1.3224	14.15	21.0891
2007	7	15	2.2125	15	20.3961
2007	7	16	23.6457	15.18	22.1993
2007	7	17	12.1326	15.33	26.1211
2007	7	18	11.0421	14.12	26.0479
2007	7	19	2.847	12.86	36.6425
2007	7	20	1.1766	11.78	22.8256
2007	7	21	3.0645	10.82	26.5578
2007	7	22	8.3556	10.72	21.715
2007	7	23	0.3444	11.25	10.6398
2007	7	24	3.8526	12.62	11.0869
2007	7	25	4.7238	13.56	11.6205
2007	7	26	11.2458	13.42	11.3457
2007	7	27	9.3543	12.04	10.6777
2007	7	28	2.6637	11.1	8.9897
2007	7	29	1.2582	11.1	10.1904
2007	7	30	0.8142	12.66	9.4676
2007	7	31	12.303	11.42	9.2216
2007	8	1	5.1441	10.98	9.3045
2007	8	2	2.6109	11.24	8.7531
2007	8	3	2.9826	12.23	9.1377
2007	8	4	2.4201	13.07	9.4528
2007	8	5	3.384	13.87	9.8023
2007	8	6	16.296	14.7	10.4628
2007	8	7	16.2726	13.96	13.0164
2007	8	8	4.3962	15.4	13.7722
2007	8	9	5.5374	16	17.373
2007	8	10	10.1055	14.37	21.414
2007	8	11	10.8342	12.98	32.099
2007	8	12	4.4526	12.1	16.9869
2007	8	13	3.2085	12.2	14.6879
2007	8	14	2.6625	12.76	16.0589
2007	8	15	6.6933	12.62	15.5533
2007	8	16	0.3696	11.53	15.3196
2007	8	17	2.085	11.21	16.5328
2007	8	18	2.5476	13.03	18.1567
2007	8	19	3.7302	13.88	27.895
2007	8	20	6.903	13.8	63.0769
2007	8	21	2.9385	13.2	62.2647
2007	8	22	1.5774	13.48	52.5435
2007	8	23	2.5539	13.42	29.8095
2007	8	24	3.6477	12.56	12.8279
2007	8	25	4.2096	12.21	14.5735
2007	8	26	3.7773	12.99	14.8271
2007	8	27	6.6924	13.05	17.5435
2007	8	28	2.2263	13.32	36.2794
2007	8	29	11.6328	13.38	77.0553
2007	8	30	6.6099	13.73	32.2138
2007	8	31	6.4914	11.95	29.3148
2007	9	1	4.2516	10.79	29.3148
2007	9	2	10.203	8.26	29.3148
2007	9	3	0.8286	7.9	22.7663
2007	9	4	1.6614	9.18	19.8396
2007	9	5	8.277	8.76	19.6666
2007	9	6	1.8483	8.16	12.9582
2007	9	7	2.019	9.75	12.8279
2007	9	8	54.7338	9.26	12.9406
2007	9	9	11.2032	8.82	13.4242
2007	9	10	18.6198	8.65	13.1581
2007	9	11	17.2095	9.26	13.4571
2007	9	12	2.0973	10.03	13.1464
2007	9	13	2.835	7.96	12.8307
2007	9	14	0.9261	9.13	13.1805
2007	9	15	1.9629	9.44	13.1088
2007	9	16	1.959	9.8	12.9949
2007	9	17	1.0809	8.11	8.1726
2007	9	18	2.4561	8.59	7.1517
2007	9	19	2.7363	7.56	5.7067
2007	9	20	1.0296	8.43	4.9613
2007	9	21	0.9336	7.98	4.4792
2007	9	22	0.1173	7.97	3.886
2007	9	23	1.4526	8.58	3.8738
2007	9	24	0.3996	9.74	3.8819
2007	9	25	1.2699	9.93	3.8819
2007	9	26	2.5806	12.16	4.1355
2007	9	27	2.3787	12.85	4.6061
2007	9	28	1.611	12.35	5.4035
2007	9	29	2.4612	12.82	6.0795
2007	9	30	7.4703	13.52	6.3006
2007	10	1	5.8554	11.7	5.9869
2007	10	2	0.9453	11.1	4.9052
2007	10	3	2.3931	12.11	4.9362
2007	10	4	4.035	12.88	5.5624
2007	10	5	3.6903	13.43	5.4769
2007	10	6	2.772	13.16	6.1227
2007	10	7	2.3757	11.75	7.2488
2007	10	8	1.7661	11.19	5.4655
2007	10	9	3.5724	9.51	6.3106
2007	10	10	1.6452	6.53	5.4443
2007	10	11	0.8475	4.48	5.1434
2007	10	12	1.1703	3.35	4.9927
2007	10	13	1.0032	2.47	4.4449
2007	10	14	1.1172	2.38	4.1156
2007	10	15	10.5489	2.45	3.342
2007	10	16	3.6942	2.49	2.827
2007	10	17	1.0317	2.68	2.7
2007	10	18	9.2427	2.62	2.6995
2007	10	19	0.7317	0.63	2.6391
2007	10	20	1.7619	0.72	2.637
2007	10	21	0.1839	2.1	2.643
2007	10	22	0.0171	3.32	2.6375
2007	10	23	1.2891	4.84	2.637
2007	10	24	0.2469	5.62	2.5498
2007	10	25	0	6.18	2.649
2007	10	26	0	6.35	2.817
2007	10	27	2.2077	5.26	2.867
2007	10	28	0.03	4.52	2.8282
2007	10	29	0	1.33	2.7739
2007	10	30	0.8556	1.59	2.6633
2007	10	31	0.3861	1.8	2.4984
2007	11	1	0.6174	0.71	2.3321
2007	11	2	3.4425	0.83	1.9998
2007	11	3	0.1725	0.86	1.9464
2007	11	4	0.8367	0.24	1.872
2007	11	5	1.7379	0.56	1.872
2007	11	6	1.1502	0.97	1.872
2007	11	7	2.4594	1.1	1.872
2007	11	8	0.9084	2.1	1.872
2007	11	9	0.0924	1.55	1.8234
2007	11	10	3.6852	2.71	1.819
2007	11	11	0.7338	3.44	1.819
2007	11	12	0.8004	3.84	1.819
2007	11	13	0.5259	3.32	1.819
2007	11	14	1.3101	2.44	1.819
2007	11	15	0.0924	5.81	1.819
2007	11	16	0.1362	5.51	1.819
2007	11	17	0.0234	3.55	1.819
2007	11	18	0	-0.25	1.819
2007	11	19	0.1665	0.04	1.819
2007	11	20	0	-0.62	1.7945
2007	11	21	0.7437	-0.38	1.735
2007	11	22	0.1398	1.05	1.735
2007	11	23	0.0105	1.66	1.735
2007	11	24	0.4032	1.23	1.735
2007	11	25	1.827	0.59	1.6911
2007	11	26	3.8361	-0.68	1.654
2007	11	27	0.0528	-1.53	1.654
2007	11	28	1.8669	-1.63	1.654
2007	11	29	0	0.17	1.654
2007	11	30	0.1704	0.18	1.6187
2007	12	1	0	0.18	1.6219
2007	12	2	0	-2.35	1.7149
2007	12	3	0.3924	-1.5	1.751
2007	12	4	0.6672	-2.71	1.751
2007	12	5	0.0843	-3.33	1.8051
2007	12	6	0	-2.73	1.81
2007	12	7	0.0582	-1.85	1.8829
2007	12	8	0.0399	-2.25	1.935
2007	12	9	0	-2.3	1.935
2007	12	10	0.3243	0.15	1.935
2007	12	11	0	-0.44	1.935
2007	12	12	0.3462	-2.13	1.935
2007	12	13	0	-3.51	1.981
2007	12	14	0.2961	-2.82	2.0073
2007	12	15	0	-3.55	1.9193
2007	12	16	0.0345	-3.94	1.8153
2007	12	17	0	-3.59	1.6745
2007	12	18	0	-3.1	1.623
2007	12	19	0.3726	-1.42	1.623
2007	12	20	0.0279	0.56	1.5899
2007	12	21	0.435	-0.33	1.57
2007	12	22	0.8835	-0.94	1.57
2007	12	23	0	0.04	1.57
2007	12	24	0	-1.91	1.5438
2007	12	25	0.1311	-2.24	1.525
2007	12	26	0.5103	-2.65	1.525
2007	12	27	0	-2.36	1.525
2007	12	28	0.7644	-4.22	1.525
2007	12	29	0.063	-4.42	1.525
2007	12	30	0.432	-5.17	1.525
2007	12	31	0.0072	-6.53	1.525
